country,date,GDP,HouseholdsExpenditurePerecent,FDIInflows,Gov,Exports,Imports
Austria,2017,417282900758.043,52.2149847944523,3.24001826996471,19.4936523309462,54.0376710217349,50.7355052962123
Austria,2016,395227684138.862,52.3062165373714,-7.32219460589675,19.6684934337058,52.4510949085293,48.617590537647
Austria,2015,381817565893.574,52.6828319800756,-2.08889644070062,19.7616905815254,53.0890605587958,49.3382548303838
Austria,2014,441996131736.508,53.3964545942265,0.387373361663698,19.8028420386289,53.3865790462424,50.1169562048263
Austria,2013,430068712971.867,53.6628608793425,0.104891997865552,19.9159427520344,53.4412932967224,50.625120789651
Austria,2012,409425234155.263,53.4598132187912,1.27462102416561,19.8606923693557,53.9736761965302,51.1785012313079
Austria,2011,431120310088.82,53.3797392346776,5.33121321219852,19.89656808887,53.9486708516394,51.154117778086
Austria,2010,391892746544.69,53.5019120190077,-5.61565003443295,20.4925476679965,51.2621603273359,47.7576359096203
Austria,2009,400172297860.517,53.4815650746716,3.57347684121608,20.6842134754264,45.2074165608437,41.8548144134358
Austria,2008,430294287388.311,51.82527578201,1.46438004562603,19.2721309580265,53.2488606164087,48.8248221152974
Austria,2007,388691445387.353,52.0157391082132,17.7173406826104,18.7447920696102,52.560869422371,48.172384639555
Austria,2006,335998557270.104,53.2152497652847,3.12514947791801,19.2582902718553,50.8416688618235,47.2466423435202
Austria,2005,315974418604.651,53.8097269928493,25.6653971470983,19.3462734216739,48.6197522046932,45.4140534786122
Austria,2004,300904221504.842,53.8619546928045,1.0580275788808,18.8913590714454,46.8672149740213,43.9251307189084
Austria,2003,261695778781.038,54.0833777059037,2.36726090513175,18.979639912386,44.57041471914,41.8169676971425
Austria,2002,213377771503.858,53.5399087975834,0.0648363837437951,18.8386965201083,45.31938619858,41.6287818010806
Austria,2001,197337879194.631,54.1111559737332,2.88309298228325,18.9761681528468,44.6175555179483,42.9191092459869
Austria,2000,196799778883.361,53.8667085380556,4.31962550948828,19.2197165554154,43.3462739519887,42.0142216659345
Austria,1999,217185787342.851,53.6318660461991,1.3695647510546,19.8436668661919,39.3570378852981,38.9031024586734
Austria,1998,218259904401.956,54.3040748195245,2.09468407932145,19.5530546720414,38.351021186462,38.5761282051164
Austria,1997,212790348404.555,54.7623256340378,1.25427421892546,19.6007911245516,37.0280827384957,37.8396074770871
Austria,1996,237250948791.266,55.5080319542669,1.82233844744446,19.5657433008979,34.2492761073574,35.8343950133252
Austria,1995,241038283062.645,54.9384897407405,0.757178434060479,19.5896579303121,33.5331403455378,34.7234607571822
Austria,1994,203535242741.838,55.7030948638541,1.01988382817464,19.4443663728491,32.1585338854777,33.8285594524044
Austria,1993,190379720927.481,56.0366601660547,0.590980048987765,19.3004156683679,31.4638980106592,31.8011524808936
Austria,1992,195078126346.106,56.1138907765566,0.761499204305668,18.489911916127,33.1552676574191,34.4748998079566
Austria,1991,173794177725.398,55.4190106754188,0.207141576726935,18.1577959151049,34.5904880807681,35.4579178120841
Austria,1990,166463386663.439,55.9173348879517,0.392278454192605,17.9756735956968,35.6974146503071,35.7909548316155
Belgium,2017,503004504395.429,51.4231965819893,-7.1854459037029,23.0693542435796,82.3114451875584,80.9177424120938
Belgium,2016,476056833074.336,51.3720336425154,12.086445884096,23.2413300025722,79.3766835721925,78.1832744269436
Belgium,2015,462149679343.822,51.338944385596,-4.22249472994031,23.6150874463105,77.8052821516798,76.3872643576431
Belgium,2014,534678075827.361,51.8111142017944,-2.84393021622138,24.2338958514732,79.801009073623,78.9822068454526
Belgium,2013,521642714407.843,52.4611840765628,-5.682227348616,24.3127672571778,79.3243484015476,78.5264966401955
Belgium,2012,496181260258.3,51.9437705266554,2.38023345027808,24.3033528607648,80.4044905064987,80.3415397228249
Belgium,2011,522645519183.591,51.542632108388,31.306951916507,24.0494265732331,80.6973629124622,80.7963607521708
Belgium,2010,480951629493.033,51.4380813355507,26.092414949357,23.7326860900242,75.8500644792464,74.14760859514
Belgium,2009,481345929424.84,51.3728350392874,16.0704608746845,24.191913477768,68.8340037082276,66.5720368236699
Belgium,2008,515223524241.98,50.7242928148413,36.9532514977259,22.6661446948071,80.8806199752035,80.2078278152436
Belgium,2007,470324254037.777,49.6456685007722,20.528738142323,21.6158948183584,78.3018047028263,74.1666421724765
Belgium,2006,407918078032.869,50.0481775418536,14.4199426286844,21.9387885339603,76.8049970552189,72.7625122442923
Belgium,2005,385570948886.954,50.1883319958611,8.73043233437076,22.093997631255,74.2828289213953,70.2462217485879
Belgium,2004,368537000248.324,50.2415776311343,12.0742736119187,22.1972126513166,70.906277447218,66.0121279012141
Belgium,2003,317381715575.621,51.1934557656787,10.8888652980622,22.4843723439742,69.0365085088844,63.679044325004
Belgium,2002,257157820440.429,51.536270580068,7.04585014771891,22.1388815392458,70.8312976956765,65.2538517924041
Belgium,2001,236541297539.15,52.4054901566157,37.2887334759807,21.3136063380204,71.6119589202939,67.964880914325
Belgium,2000,236204532891.1,52.3121863010792,37.5685906251901,21.0401971476314,72.5473951580567,69.6827399089776
Belgium,1999,258158533986.789,52.0728198372647,46.3641124511984,21.2820398534755,64.5630595160862,60.6069310248626
Belgium,1998,258528339631.029,52.9168554550308,8.77679407696031,21.0949180608347,64.1743450154283,60.5347776108893
Belgium,1997,252708051420.839,52.6640383933173,4.74788988025515,21.1513979156766,64.7865810804479,60.902358975732
Belgium,1996,279201433224.756,53.4788608366999,5.03718760952012,21.7183862211024,61.1923909558718,58.0203848015116
Belgium,1995,288025588396.278,53.0600871969142,3.71102444734668,21.2989651245599,60.1143717180605,56.2641961032662
Belgium,1994,244884129973.475,53.3117096888902,3.47657481965947,21.1019338824286,58.4249590334198,54.8073406294867
Belgium,1993,224721795592.351,53.6579428204158,4.78369264167891,21.294642870972,56.1077412903698,52.9049959705074
Belgium,1992,234781652070.263,54.1337732339872,4.80693440074375,20.9609311535835,58.8089305863483,56.2603572066541
Belgium,1991,210510999291.199,54.7753985559743,4.44753957347797,20.8629259638761,60.229655028909,58.3604829239837
Belgium,1990,205331747706.422,54.1773960314807,3.91889227549215,20.217285214641,61.6136907928246,59.8541600717217
Bulgaria,2017,58220973782.7715,60.8857658905906,3.47012402701833,15.8379889650395,68.1464730187792,63.7566370586634
Bulgaria,2016,53240950226.2443,61.0191224901732,2.77324126208435,15.791458621056,64.7258047381281,59.7225114203761
Bulgaria,2015,50201314894.5817,62.3846178162736,4.34151974819137,16.2702426864404,64.5380422511041,63.5736639601152
Bulgaria,2014,56814543481.2102,62.5808300300874,1.92485925784421,16.9118630307083,64.9049620325708,65.8853097091552
Bulgaria,2013,55555171009.772,62.2424910921615,3.58029678218457,17.1632702669359,64.8781363714651,65.3242306644631
Bulgaria,2012,53903022339.0276,65.4432450353728,3.31727224635667,15.9070409213022,60.7991916177883,63.9917650328375
Bulgaria,2011,57418414504.0882,62.1510915192115,3.66399876793918,15.9220644138734,59.0690820837306,58.6929011008061
Bulgaria,2010,50610058210.3696,63.2809647551935,3.64137103407323,16.527999379441,50.1788787944037,53.0283678363222
Bulgaria,2009,51884481410.3931,63.0993109628024,7.51026984032086,16.784200783987,42.3320120735649,50.6090902489385
Bulgaria,2008,54409138498.3548,65.6634032428985,18.9246161911489,17.1712534653547,52.5433676169218,72.3014903258705
Bulgaria,2007,44411476557.0329,68.4985188453296,31.2425335354324,16.6963948065045,52.3802470692046,71.2117105760746
Bulgaria,2006,34130122490.8613,67.3778774913518,23.0719249763639,18.2797153653482,47.3215443327677,64.5382954615918
Bulgaria,2005,29636617749.8253,69.3018370452938,13.827903593363,18.2960708237766,42.8633898523076,57.6334912434889
Bulgaria,2004,25957970922.4811,68.8818286765281,11.8366376593582,19.5111332863739,41.2721589575018,52.5086581357126
Bulgaria,2003,20982685981.4163,68.5210703941777,9.99294705126427,20.2661407663512,34.6832908377273,44.9419226717496
Bulgaria,2002,16276456427.5397,68.7977353266561,5.55808812019452,19.3272240003313,33.9085729836539,41.9455602818418
Bulgaria,2001,14075616789.4905,69.1249065071055,5.7755351977185,19.5167636824819,35.1487756495724,44.5387141881565
Bulgaria,2000,13153016530.8718,66.9458389131976,7.61425213485459,19.9245912674826,36.474409011809,41.8199786592571
Bulgaria,1999,13531969309.4629,65.5842719672507,6.05076863639275,19.7444878295942,43.0510260297494,47.658609360737
Bulgaria,1998,14942172233.5833,56.4411766942161,3.59597820016559,18.4540871799941,42.1898404057147,35.3118513393298
Bulgaria,1997,11211546465.3071,66.0502633016381,4.50250107388886,12.2561211664819,50.0379175571548,37.2313289175731
Bulgaria,1996,12184935356.9421,74.4798634497394,0.894547215943166,13.9733357936984,48.9320477925912,37.6574249204226
Bulgaria,1995,18867559523.8095,57.8594526382207,0.479129268869785,15.4428582695796,32.5341115229908,23.0617556589636
Bulgaria,1994,9697416974.16974,74.0353881278539,1.08688736681887,17.1893074581431,45.0475646879756,45.6725646879757
Bulgaria,1993,10829710144.9275,73.4901304784209,0.369354299096688,18.8558046169287,38.2067581130813,45.8347273335564
Bulgaria,1992,10350515463.9175,65.6150398406375,0.400946215139442,20.3361553784861,47.1115537848605,52.9382470119522
Bulgaria,1991,10943548387.0968,54.1090641120118,0.510803242446573,19.033161385409,43.4782608695652,39.2041267501842
Bulgaria,1990,20632090909.0909,59.8339744352355,0.0193872740170872,18.1865848876199,33.1191920794173,36.7278687657797
Switzerland,2017,679950915261.122,53.7137550444931,10.0431170785816,12.0300818021872,65.0326216876611,54.4753328992057
Switzerland,2016,671308872735.114,53.3861177407846,10.7841312934614,11.997933315596,65.7442826800745,54.2279949025252
Switzerland,2015,679832391757.542,53.2973907541062,16.8287746079763,11.9330681779971,62.2161387250901,50.5140396907642
Switzerland,2014,709182183359.844,53.1053271881031,2.96159322873405,11.9709326507808,64.2737455326773,52.5864328370154
Switzerland,2013,688504215507.029,53.468347746785,-3.62037955544283,11.9317514576677,71.9249382224681,59.8716051659649
Switzerland,2012,668043476123.359,53.3709536664251,5.97917586942538,11.8588602745149,67.0336244560307,56.6487654969397
Switzerland,2011,699579502158.199,53.1486098806289,2.96813782714396,11.6813638661035,65.4655141197832,57.0306824239927
Switzerland,2010,583783396408.582,53.8553651834417,3.02693357016187,11.6020898410232,63.9656232353477,53.2864693979117
Switzerland,2009,541506295377.263,54.4747495557634,8.80111104184472,11.7763399483718,57.2304760078274,49.6997309971097
Switzerland,2008,554363401347.983,53.0843965085081,0.539526360837645,11.0434425937368,62.6611734237573,52.1182394646512
Switzerland,2007,479913362212.596,53.5309994132841,10.1452262796346,10.9092673862327,61.3035933572649,50.007177236811
Switzerland,2006,430921199553.358,55.0232781900057,12.475778179868,11.3136201366306,56.4911691890821,48.0266662286295
Switzerland,2005,408689367169.933,56.9112796620161,0.652062675243123,11.8225651404991,53.7904693849479,46.5393409903714
Switzerland,2004,394164053075.995,57.5313103522849,1.80186247256643,12.0063367017381,51.4709919758111,42.521474630873
Switzerland,2003,352914531818.519,58.003165569045,5.58805379641704,12.2464552990931,48.1084826519662,41.4214920992278
Switzerland,2002,301416655973.309,57.8507510196089,2.73974593524435,12.0631995495841,48.9370121629331,42.2160686948155
Switzerland,2001,278631192225.646,57.7608720848628,3.50463737067561,11.6783200345372,50.889357319371,45.2743742902228
Switzerland,2000,272055305542.397,57.5826169068467,8.4838925367254,11.5770881298605,52.1179399364889,45.9877271807194
Switzerland,1999,289912794567.967,58.8011018651824,5.01575976651698,11.7428037896061,47.4123664372789,42.6627644331779
Switzerland,1998,295044833770.175,58.5116106845959,3.84535786988576,11.7148146606944,46.7018577179514,42.164530643638
Switzerland,1997,286518982980.776,58.7865048758492,2.92892324920007,11.9414980099802,47.2416188540853,42.131335730175
Switzerland,1996,330091423948.22,58.4823731044405,1.47844477670103,12.2544816210082,41.7408871230634,37.9293422191067
Switzerland,1995,342617336152.22,57.6300317170396,1.213671207258,12.1567034518506,40.6819538683681,36.4136149033062
Switzerland,1994,292646657673.466,57.1285678070641,1.25841148298248,12.2606276503671,40.7031823345215,36.2491441369151
Switzerland,1993,264353008121.278,57.9165506902075,0.645704010168753,12.2854289749056,41.4287174127057,37.0492549619147
Switzerland,1992,271814366804.153,57.9206676642446,0.415168501709479,12.4806520623077,41.4118928485778,38.4215198858183
Switzerland,1991,261113787377.964,56.686294359198,1.08718470567901,12.0209793989654,40.4950927693834,38.7489363499253
Switzerland,1990,258066552980.132,55.2334120769777,2.14859161153784,11.5713386078555,42.1098164245959,41.5923280664341
Cyprus,2017,22638608224.1301,65.4765820798878,81.100606872169,14.9797681561636,73.0152992340802,73.3895414381535
Cyprus,2016,20890936462.2537,65.9546040475451,40.7267692608838,15.2965589974859,70.7503129359432,69.0496284826178
Cyprus,2015,19779150116.4984,67.8940332355264,146.419496843307,16.4105487938822,70.3258965023065,67.7013249828294
Cyprus,2014,23128114786.7676,68.984128012632,223.705992322947,16.8078503115599,66.109181405991,65.1694984964844
Cyprus,2013,23900872625.8467,67.0419956869051,108.641707259097,18.4523817131757,61.3603125807344,59.7798484431786
Cyprus,2012,24978513426.6992,66.8961585228821,280.131833140986,18.8140628329824,55.3122593814023,57.2253413533832
Cyprus,2011,27565469097.9955,65.8123783361872,146.726545596933,19.0879851586371,53.4951590496264,57.3218859959482
Cyprus,2010,25732432719.0773,65.7962241474409,120.594522196942,18.519859944171,50.3797480614863,58.7213305901389
Cyprus,2009,25945391775.4932,63.6954590703442,249.108048567272,18.7764788859925,48.7221408291604,54.068719899389
Cyprus,2008,27844698989.3072,66.7546135694978,44.1638687211385,17.0519321419899,50.0816009783701,62.8441160392005
Cyprus,2007,23968764029.5647,63.9313964777248,9.57344136774281,16.444547918837,53.2588980125664,58.0160532639575
Cyprus,2006,20072786350.5206,61.4316496393942,9.32555099496527,16.8987309889276,53.4357273848067,56.370599083076
Cyprus,2005,18433411267.2553,61.5709795763223,6.30362711595489,16.5136248030502,55.6921102559885,56.2249625665534
Cyprus,2004,17320552500.0,61.4763010591031,6.45961962556633,16.5771270864483,56.889798983029,57.0138062859138
Cyprus,2003,14547325028.3126,60.8929593482061,6.24271140036787,17.9116264267489,57.7621459324228,56.2425225499031
Cyprus,2002,11420227884.6154,61.7602774159919,9.66223911887501,16.6093614089103,62.4053120319487,61.2360305015468
Cyprus,2001,10397897085.6102,61.6004830036478,9.08590329543211,15.9360372276481,68.2088670199269,63.6402239453806
Cyprus,2000,9985844486.33365,61.9036787324111,8.56086119538577,15.0863885456708,69.9628437276103,67.5320984530317
Cyprus,1999,10497908306.3646,61.3543808644882,7.74491695257071,16.0601161519719,66.9264571223466,64.2828627390816
Cyprus,1998,10248617647.0588,62.3698284880711,3.37019249936109,16.0644112913142,68.6974890554713,66.21226259628
Cyprus,1997,9547818700.11403,62.5147475284044,5.72402170347715,14.7896258131518,69.1855924872905,70.5773507342326
Cyprus,1996,10011918444.1656,63.0234680147212,2.33471192487906,13.1499483864839,70.2076408556477,70.6412896348505
Cyprus,1995,9933133247.08926,61.8585829802175,2.4477353979412,12.4154892377387,66.7633198546764,67.6272467177682
Cyprus,1994,7425703928.57143,58.2244495563536,1.01234939241526,16.6570788310545,47.6894839198586,48.0866676853291
Cyprus,1993,6590291048.29211,59.4741513156083,1.26599855442852,16.871774699588,47.4913742815193,47.9250010692282
Cyprus,1992,6912150456.32334,63.4470969379658,1.55438041121155,19.037030459033,49.4569602638771,60.6400470769365
Cyprus,1991,5770197348.48485,65.7083070286074,1.41799293512939,18.4581440470751,47.0856508133278,57.094254102569
Cyprus,1990,5591130217.66965,61.2239360188365,2.26457722241848,17.337715739492,51.5005647205938,57.1076439963087
Czech Republic,2017,215913545038.43,47.4163938622625,5.20335162117526,19.1873740778921,79.7260774989712,72.202798068737
Czech Republic,2016,195090272402.729,47.0360256628055,5.56184179486256,19.267615913624,79.5556198733638,71.8390558705031
Czech Republic,2015,186829940545.759,46.8293868531217,0.909872695798491,19.2160944065462,81.0493010657814,75.0505626571141
Czech Republic,2014,207818330723.835,48.0705245435046,3.89217924218107,19.684667006198,82.5456924295555,76.1812643131131
Czech Republic,2013,209402444996.104,49.413585910445,3.51360685053457,20.1556417954734,76.8709518101924,71.1072226148134
Czech Republic,2012,207376427020.815,49.2063621083413,4.54882936324756,19.8053061248618,76.1700746223071,71.3673843176896
Czech Republic,2011,227948349666.354,49.0542187118454,1.83758140711468,20.1589090066204,71.3071567311351,67.4778215335339
Czech Republic,2010,207477857918.919,48.9570630799422,4.90068409072939,20.8282775565911,66.0295210253014,62.9375560257456
Czech Republic,2009,206179982164.402,48.613210482675,2.5568019001909,20.9977892885957,58.6842997764355,54.8084690422803
Czech Republic,2008,235718586901.129,47.369348356422,3.73979546458325,19.4049278388277,63.2263674242076,61.0624641380954
Czech Republic,2007,189227050759.595,46.0605236767526,7.30109989467388,19.4221686474657,66.4089661851449,63.963936515476
Czech Republic,2006,155463807112.889,46.9721287702851,4.58756448858037,20.2437487154115,65.1862987851849,62.4462038523137
Czech Republic,2005,136280689891.224,47.8470754818402,10.0749157451568,20.6795794459362,62.181957290981,59.8333012244363
Czech Republic,2004,119162172468.268,48.8562076563686,5.39052370203125,20.9822938803126,57.3404444293512,56.5278907957174
Czech Republic,2003,99627140274.3805,49.90104548065,2.02884047498329,22.2604258068832,46.9073243423848,48.1078728799145
Czech Republic,2002,81910771993.9155,49.8649336004332,10.3730056852681,21.2871283436578,45.1241477243064,46.4018340987842
Czech Republic,2001,67523642262.4009,49.8792396086296,8.35367738895765,19.825612883808,49.0279401738654,50.2820338206968
Czech Republic,2000,61649492816.5201,50.5695780394412,8.08940820341585,19.871076362753,48.1922910591063,50.0408297410306
Czech Republic,1999,64867483193.1315,51.0145971957936,9.7315270536516,20.2436478139436,42.9203399724494,43.340912952408
Czech Republic,1998,66490372105.1262,50.6299184351019,5.56497019114411,19.3101064159386,42.2085185863327,42.4800909807123
Czech Republic,1997,61792161168.0011,51.4967644768919,2.08196775905492,20.3383833871524,40.4614736627143,44.6126944823801
Czech Republic,1996,66985765439.1937,49.6118991916812,2.14266287582651,19.6521336470257,38.3168292873398,43.176421157296
Czech Republic,1995,59775697061.0399,49.002330364645,4.29533199588641,20.3611592445257,40.3995847324241,43.4953704725087
Czech Republic,1994,47554674590.9328,49.5390067925319,1.84678319698292,21.3760477755153,37.2718043516157,38.4277812505438
Czech Republic,1993,40614350197.2353,50.2356675163159,1.61095381682886,21.0853224832063,40.1256093924945,39.0089635718215
Czech Republic,1992,34590052812.1684,51.6197323190971,,20.7234132251379,40.0459295129956,38.8491865324229
Czech Republic,1991,29675502269.5661,47.6572776929713,,21.7221254996356,38.6081648918862,33.0100951008773
Czech Republic,1990,40477403219.5176,49.577142876251,,22.0731052581619,33.0772640557094,30.7291275401002
Germany,2017,3656749414477.08,52.2948915096811,2.28190525300624,19.856517277403,47.3974341985646,40.2959639320922
Germany,2016,3466790065011.83,52.6402156919052,1.80644786194277,19.7828403688459,46.023196451932,38.6599661784882
Germany,2015,3360549973888.58,52.8783163425267,1.85925318614581,19.560208180009,46.8485876563908,39.2865511357823
Germany,2014,3883920155292.26,53.4222509163328,0.509254907314544,19.5890251859139,45.6192633128717,39.0008300796262
Germany,2013,3732743446218.92,54.556849911964,1.80564570696419,19.6309246447436,45.4186778593914,39.6601988368577
Germany,2012,3527344944139.83,54.9069503990442,1.85530728263463,19.2768758355158,46.3071201430804,40.2069347359679
Germany,2011,3744408602683.94,54.3866852789617,2.60482800628751,19.0699297583867,45.0571362806101,40.148984986412
Germany,2010,3396354075663.73,55.1086803930744,2.53323122929551,19.5632116674466,42.565473405085,37.3031508345032
Germany,2009,3397791053070.3,56.4407354859285,1.66878763023798,19.9916998196857,38.1199069398503,33.1088059597748
Germany,2008,3730027830672.33,54.2246778899583,0.829879478203399,18.2555596134287,43.7991902579629,37.7256144732553
Germany,2007,3421229126745.14,53.993918905403,1.48622562106473,17.8550539097037,43.3227580964574,36.5516592986738
Germany,2006,2992196713084.93,55.6854277424657,2.92240676746508,18.3277709762356,41.4329079108458,36.0168212387006
Germany,2005,2845802760850.64,56.5385371737221,2.1025770249554,18.7759088585026,38.0595723481521,32.8591405884692
Germany,2004,2809187981127.39,56.1430175202871,-0.726488212759352,18.8173806198398,35.713363859767,30.5128352456553
Germany,2003,2496128668171.56,56.4634626080115,2.62011797882026,19.3256374430834,32.8117129460067,29.0376067680426
Germany,2002,2068624129493.69,55.7417702400233,2.47837266130958,19.2315706148891,32.5925791130602,28.3423107018725
Germany,2001,1944107382550.34,56.4640466918906,2.92928996093834,18.9489261417511,31.8447071170151,30.2181317720272
Germany,2000,1943145384190.16,56.2992570255418,12.7631930755001,19.0445168295331,30.8477115722895,30.678349430323
Germany,1999,2194204133816.32,56.1972439644959,3.92104197349994,19.2467030512557,26.9592324276031,26.4066172043428
Germany,1998,2238990774702.68,55.6525451494723,1.31874189081361,19.0981523217601,26.4069062062529,25.1780661431082
Germany,1997,2211989623279.95,56.1917242434286,0.842609915413792,19.3548683170589,25.3602733090279,24.282385335135
Germany,1996,2497244606186.64,56.3107245833724,0.624360056288723,19.7125503544328,22.8600276884323,22.1455932715028
Germany,1995,2585792275146.72,55.8422577733676,0.465679526092558,19.4241558948807,21.9942362808177,21.5873979341395
Germany,1994,2205074123177.05,56.1919597715285,0.340906850799452,19.3140389713317,21.1107102839496,20.9471728020552
Germany,1993,2071323790370.28,56.6595274403304,0.023164615377059,19.3518153624728,20.3134405930698,20.2632946672835
Germany,1992,2131571696931.75,56.020293056649,-0.10028883558063,19.2211202895315,22.1946934890662,22.6961446717507
Germany,1991,1868945197407.19,56.0382772102409,0.253701121901446,18.6769453903393,23.6649009963425,24.1524782444192
Germany,1990,1771671207359.88,56.3462979817416,0.144310232902723,19.1003185946307,22.8358365530048,23.0277510459527
Denmark,2017,329417067127.816,46.5315762111434,1.02511761045327,24.6230845414508,55.1388663944531,48.1422353799985
Denmark,2016,313115929314.339,46.6729604524201,2.49237426030716,24.8685063718639,53.4259804750415,46.7428483571839
Denmark,2015,302673068765.972,47.1114659951043,0.611475187537009,25.4691996035446,55.4181749794426,48.6300543390148
Denmark,2014,352993631617.708,47.1609622239686,1.86330528301876,25.7856520441613,54.6131396383028,47.6507772087923
Denmark,2013,343584391647.927,47.6942057030254,0.198012180552081,26.0074876343271,54.8288189867113,48.2213220971567
Denmark,2012,327148943812.137,48.0421316691479,-4.99767032555428,26.4714555321051,54.6304940173438,48.610476322948
Denmark,2011,344003137611.271,47.9138831454315,3.94150318758658,26.5646659565541,53.8201489280677,47.4256465609762
Denmark,2010,321995279401.502,47.612230592128,-3.65466908301772,27.365847979969,50.5229276395878,43.5770492484191
Denmark,2009,321241303699.006,48.4795542515223,1.17390242059711,27.9349997229178,47.1260734604538,42.6289658299793
Denmark,2008,353361038818.383,47.3916536886351,0.620106753447922,25.1008900558313,54.1757974140397,50.6524324898078
Denmark,2007,319423424509.066,47.4869862718368,3.69711411627472,24.337963243396,51.4825350512378,48.5853161257883
Denmark,2006,282884947702.966,47.4048131009497,0.84318706518409,24.2035383887553,50.7300470194145,46.6366891837203
Denmark,2005,264467336457.17,47.7903693074061,4.857700582033,24.4986889118824,47.452125515225,41.9476153409526
Denmark,2004,251373002954.382,47.7256680045929,-3.50243080506856,24.9339005994338,43.9284349569116,38.2793303141397
Denmark,2003,218096033517.009,47.2451370217714,0.543258463167203,25.0380242581172,43.8384088674947,37.0432985323193
Denmark,2002,178635163717.431,46.9359078735438,2.48030851638993,24.8690541949282,45.7044791859005,38.852495620333
Denmark,2001,164791442543.375,46.709466548455,5.63524699016127,24.3249117385811,45.5544939498925,38.4140819246082
Denmark,2000,164158739097.623,47.0640840114383,21.9380936434814,23.8737646063848,44.8472655641397,38.1366854891628
Denmark,1999,177965188354.692,48.7465762020004,9.46697462674685,24.3659908004743,39.3484366798101,33.3487612672171
Denmark,1998,176991934992.837,50.1417265289726,3.77116701349912,24.1291225249093,37.1865605187066,34.1125582027396
Denmark,1997,173537647058.824,49.9415767533891,1.60868342201278,23.6392168601488,37.7628610500949,33.4056013518683
Denmark,1996,187632346387.984,50.1673959419966,0.412212569270951,24.1054046096333,37.0673836258126,31.4038823862481
Denmark,1995,185006881515.065,50.5521957396614,2.23744289173865,24.0520725870819,36.6119570369652,31.9026457360928
Denmark,1994,156162386724.523,50.9380873208042,3.20575169671378,24.4041854603846,36.8518613185549,30.9285944300639
Denmark,1993,143195627014.605,49.7935902079426,1.19610229283985,25.3010539018846,36.5662129713497,29.0387156246129
Denmark,1992,152915654478.885,49.9905951607578,0.665324523329376,24.1630384829775,36.954383329291,30.0475864194251
Denmark,1991,139224688814.195,49.9218259013438,1.11511497286159,24.2481269921423,37.6824771133025,31.4640499499814
Denmark,1990,138247285815.855,49.7388871693531,0.81892844642037,23.906614103196,36.4231554732849,30.8670401590342
Spain,2017,1309309642308.24,58.3735125374609,1.90776839990759,18.6191665562133,35.1783922236242,31.5991868337295
Spain,2016,1232076017361.53,58.2009085685556,3.59177021418208,19.0582130288013,33.8800904977376,29.8925339366516
Spain,2015,1195119269971.52,58.4837461372136,1.92759596471091,19.4795794318804,33.6265184346551,30.586122736848
Spain,2014,1369398844599.58,59.3621325417233,2.40567289745613,19.6363347471996,33.4825675913959,30.3830421311466
Spain,2013,1354757433212.72,58.9747811530968,3.49680634167963,19.880668164195,32.9625774735678,29.033721828239
Spain,2012,1324820091194.67,59.5222185260581,1.57368379556953,19.9769372291119,31.45527248111,29.390097362135
Spain,2011,1478772824224.03,58.4796613531397,1.81447968715079,20.6717097699394,29.5349622049272,29.2582088303504
Spain,2010,1420722034063.0,58.0889132094538,2.5768123129475,20.6329023062173,25.9516793464024,26.9765612109155
Spain,2009,1485583495415.39,56.928449121547,0.642832486133276,20.6396944608879,23.0616941747255,23.933180152302
Spain,2008,1625224842536.99,57.4578136364497,4.55866954148651,18.8230989210854,25.6239291743162,30.3594008693685
Spain,2007,1472131125102.66,57.6302672427499,4.63475472746274,17.7056341053184,25.984738814678,31.7628649449253
Spain,2006,1259343871534.31,57.7688496876441,2.61468231232965,17.3603314528557,25.2413025005404,30.9358323130671
Spain,2005,1153285660987.44,58.0849661996405,2.34181137917211,17.3316209399401,24.9792690409411,29.783028542406
Spain,2004,1067093369754.16,58.2459214578846,2.36794580181851,17.1689140681632,25.4119848226223,29.1121978690701
Spain,2003,905492099322.799,57.9258001710156,3.39538088887296,16.7766052655852,25.6289061234055,27.834782977217
Spain,2002,705394315829.098,58.6826531047879,5.57981651835264,16.6243302666126,26.553994919632,28.5451843234359
Spain,2001,627286800894.855,59.2702066925062,4.60864423581495,16.5446730566496,27.8616191602484,30.1355363035009
Spain,2000,596877648793.072,59.6174120283831,6.78694390221214,16.6978209495702,28.5633579326111,31.5189758138831
Spain,1999,634693160025.57,59.6052192042275,3.09260842500063,16.7905217693458,26.3515090067028,28.2849579418622
Spain,1998,619214834614.099,59.6726937209641,2.53783621300102,16.8577661948981,26.101947326675,26.5595070441534
Spain,1997,590077272727.273,60.2089864963757,1.59871604967868,17.0066324133203,25.6697890106843,25.4964681051018
Spain,1996,642588992512.807,60.4667183153006,1.52529522405733,17.4872190072424,23.0323607990957,23.2128584657085
Spain,1995,614609020549.773,60.9885624462643,1.34745945271764,17.6137893301606,21.8270992731031,22.9482748139335
Spain,1994,530562634952.18,61.6762846685614,1.65345758614612,17.7618715678073,20.3111353908915,21.3333433502832
Spain,1993,525075636161.59,61.8853923670606,2.05840157651221,18.3451838855922,17.708887656009,19.2410064655519
Spain,1992,630916018690.07,61.9812116660067,2.10419813318007,17.8057219392902,16.1875490124679,19.7902931601058
Spain,1991,577166174219.375,61.3110498568762,2.16450363632502,16.9209406647558,15.7607198512747,19.7178214455245
Spain,1990,536558591903.363,61.3939125939541,2.60616678644949,16.2488725661921,15.7247982291945,19.8859352058869
Finland,2017,254435041879.238,53.2152268751246,6.44449868298931,22.8079810439135,37.6840799875988,37.5693690900636
Finland,2016,240570297852.344,54.3327325228523,2.02674204294288,23.6624303397032,34.8158945025841,36.0936896507329
Finland,2015,234585368746.272,54.433234365249,7.17999959338754,24.369314850886,35.3850299740918,35.9533084967567
Finland,2014,274497230802.958,54.5213318704476,6.28188426228721,24.5073635673789,36.4814376235518,37.6312851322155
Finland,2013,271285280621.373,54.1833683272889,-1.82122196038823,24.5363912666833,38.0176291228019,39.0762574576279
Finland,2012,258304834621.605,54.0422907226033,1.90969837735607,24.0970567606958,38.8082790730065,40.3622218795545
Finland,2011,275243697751.011,53.1621531530622,-2.18285112555861,23.361347084314,38.900392933262,39.6791886786735
Finland,2010,249181190476.369,52.6301802352466,4.90664547840263,23.6862386588924,38.4143975593033,37.0500098329462
Finland,2009,252496526813.004,52.1455649886931,-3.49569749665515,24.0675224350333,36.0809256824047,34.0423775908268
Finland,2008,284553976856.599,49.3218026921988,6.81880352268714,21.5648727254009,44.9000077214115,41.2843281085116
Finland,2007,256052559540.104,48.5754148135477,8.58615363755679,20.7668705097503,43.8259066028053,39.0314958946288
Finland,2006,216907539831.891,49.8180997935187,2.13529391720616,21.3207863641359,43.0742002463895,38.909292815954
Finland,2005,204809103345.355,49.6371905493451,5.31022705078307,21.4115261071001,40.2733670538658,36.3058407767462
Finland,2004,197116960516.514,49.379558825382,3.43515925859232,21.1844442484788,38.6153768628983,32.3448267173938
Finland,2003,171274266365.688,49.6537044725171,3.48187593074365,21.0966793850371,37.3208390170611,30.7349636570916
Finland,2002,139738377564.465,48.2530339560632,5.78293905570285,20.6275339089207,39.1350026265102,30.1644599490861
Finland,2001,129421029082.774,47.5523411787482,2.48972329443851,19.9256022346987,39.7640844096579,30.5127637801809
Finland,2000,125706651925.557,47.8005306283989,10.7388268968825,19.7373242843113,42.0310461588074,32.8637809472157
Finland,1999,135218410398.466,48.8441173689685,5.76700120285819,20.259856913234,37.6043997604715,28.6354754325696
Finland,1998,134038718291.055,49.088600029882,9.33679172029042,20.5745638062985,37.4387834719525,29.5283629662832
Finland,1997,126912152101.707,50.0952105913886,1.93368085598845,21.3118304800238,37.7773967348633,30.4439250227874
Finland,1996,132129174216.93,51.545311168363,0.569873751348834,22.159419296063,36.3194655329487,29.402544987902
Finland,1995,134189814814.815,50.9584064779957,1.0810883434825,21.8946919806391,35.7649494160265,28.3087601091843
Finland,1994,103299943084.804,52.5559510297634,0.268964373790316,22.3969410131241,34.0356367563279,28.3925993674861
Finland,1993,89214114708.0254,53.8712838941522,0.967925393581486,23.3012087553087,31.3809679376488,26.7839641573715
Finland,1992,112532519246.084,54.0138236889906,0.352226819740319,24.2704819419216,25.5443372413956,24.6974593663749
Finland,1991,127773856785.767,53.1778271326482,-0.182278447064837,23.9128183293248,21.2695197873393,22.2188978008953
Finland,1990,141438345513.917,50.0555195197836,0.574223938542368,20.8709418529227,22.1462417132994,23.6952912850845
France,2017,2586285406561.51,54.0080599094665,1.45225128378182,23.6844914496901,30.8198947044155,31.8781663074173
France,2016,2471285607081.72,54.2632945546117,1.32739278028377,23.7323807174966,30.2475371833945,30.852605198715
France,2015,2438207896251.84,54.0462475073143,1.75642996529439,23.8078776145908,30.5926223781313,31.1590715564548
France,2014,2852165760630.27,54.3097036187676,0.203525272366494,24.1258928301466,29.666684498073,30.8121120215465
France,2013,2811077725703.59,54.6356985606859,1.12374280873532,24.1116877142286,29.3647378670492,30.3993172078638
France,2012,2683825225092.63,54.7188726180149,1.22752640558907,23.9504999032939,29.2030271868495,30.499031981938
France,2011,2861408170264.61,54.9824642714693,1.54489707501224,23.744527827615,28.4213374764194,30.369238945981
France,2010,2642609548930.36,55.3556903285689,1.47163016303539,23.9892566941431,26.7882998402738,28.0794912416196
France,2009,2690222283967.77,55.3774435531098,0.684810625936121,24.0808047006283,24.8355472102672,25.6269036398058
France,2008,2918382891460.38,54.4659151366707,2.32997003593818,22.5625633664261,28.1193848563025,29.2776980294924
France,2007,2657213249384.07,54.1162896114064,3.15283684570179,22.4331396546751,27.853257510199,28.5674990728149
France,2006,2318593651988.46,54.2364233225532,3.40538557579591,22.7591793094828,27.9350550901956,28.16836935943
France,2005,2196126103718.44,54.3948853420767,3.87669277220017,23.0670392801425,27.0330510418171,26.947655734595
France,2004,2115742488204.62,54.0529771088233,1.68302787373188,23.0446960978721,26.4688363216607,25.4561715567725
France,2003,1840480812641.08,54.2444007540477,2.30107265381256,23.143427286765,26.1119689746398,24.6858645485955
France,2002,1494286655373.61,53.9731293483114,3.44983900300987,22.7211494436744,27.5310502579308,25.5409745004028
France,2001,1376465324384.79,54.1207905343908,3.6428127196957,22.1418541151996,28.2658952021844,26.6934728903914
France,2000,1362248940482.77,53.8573703912863,3.03829068496787,22.3258723712198,28.5949742490286,27.2662714690058
France,1999,1492647560196.04,53.6130289886003,3.07984400993161,22.6309940264054,26.0765353865349,23.6843852136939
France,1998,1503108739159.44,53.9580707391693,1.96382525516541,22.6152011693207,26.1264919786729,23.380274814039
France,1997,1452884917959.09,54.1341623497324,1.5863558407043,23.4009423125566,25.52319541576,22.5103014673064
France,1996,1605675086549.56,55.1260674648996,1.36838946976613,23.4696941384658,23.055564872,21.2736750818117
France,1995,1601094756209.75,54.7104795066459,1.48250444153683,23.1766607320363,22.6229260600867,21.0232025170056
France,1994,1393982750472.59,55.0019620855571,1.13323678428811,23.1862574341006,21.6603227312909,20.1659170058998
France,1993,1322815612694.0,55.3675229989169,1.56892947410949,23.4090318084193,20.7925794072246,19.1125443145592
France,1992,1401465923172.24,55.111261619317,1.55833266381818,22.2592205187876,21.3305593452775,20.6610532607475
France,1991,1269276828275.78,55.0567231990327,1.1938090850068,21.655025854054,21.3348844239057,21.6487970651412
France,1990,1269179616913.63,55.2059425976654,1.0387249494969,21.168890584749,20.9757333804124,21.760321808445
United Kingdom,2017,2666229179958.01,65.013585677621,4.54779361465719,18.6645344063501,30.3661254439058,31.579013422524
United Kingdom,2016,2694283209613.29,65.0997078896846,12.0556451917926,19.1193192210993,28.4392368950012,30.059048479087
United Kingdom,2015,2928591002002.51,64.4731378228136,1.54796224843591,19.4937544864197,27.6514218820426,29.0316741231658
United Kingdom,2014,3063803240208.01,64.4545759209093,1.92213535385895,19.8295455766062,28.5020548195346,29.8963352674917
United Kingdom,2013,2786022872706.81,64.8520376699742,1.95523073173183,20.1240215946387,29.952601103524,31.2292345754384
United Kingdom,2012,2704887678386.72,64.5556528244412,1.72838192510862,20.7774710466087,29.9751039670716,31.1473140842167
United Kingdom,2011,2659310054646.23,64.2794484101546,1.01575406843406,20.9691743021984,30.7000187976267,31.6048353279704
United Kingdom,2010,2475244321361.11,64.249244815775,2.69607936146661,21.6585399958924,28.2750712111101,30.2714168623164
United Kingdom,2009,2410909799034.12,64.6300667565715,0.60338667381581,22.0291516403533,26.3730781880932,27.9787640309312
United Kingdom,2008,2922667279411.76,64.234674334924,8.67201407744004,20.4469250552382,26.9894102322679,29.1406985586167
United Kingdom,2007,3100882352941.18,63.7885278364405,6.75662394763812,19.6442685961798,25.2397534941132,27.219272419202
United Kingdom,2006,2713749770009.2,64.0418516763248,7.50387652239409,19.8160853142842,27.1010757849732,29.1548779156607
United Kingdom,2005,2538680000000.0,64.8691445948288,9.95215612633774,19.6990705262721,24.973608331889,27.3761453697483
United Kingdom,2004,2416931526913.22,65.4193381247879,3.60207231412435,19.4919735055995,23.7127005866098,26.2612413341737
United Kingdom,2003,2053018775510.2,65.4753895507979,1.75406289033498,18.86114543919,23.8566363996393,26.0590676228693
United Kingdom,2002,1784473920863.31,65.9985167155075,5.03008655401354,18.1908968663725,24.1114361570333,26.687194114569
United Kingdom,2001,1640246149417.01,66.4150897032767,3.41966508067889,17.4131335461206,25.0363543338666,27.2372724727705
United Kingdom,2000,1657816613708.58,66.5016506168479,9.90039152020314,16.7806171855819,25.1989000146945,26.9330288568166
United Kingdom,1999,1682399288141.08,66.6094811860089,7.72061575428947,16.5775066809887,23.9240458855784,25.3116913214943
United Kingdom,1998,1650172242464.39,66.2662815368526,6.65491819711436,16.138518267237,24.1694383835789,24.7867768528685
United Kingdom,1997,1559078258022.27,65.5814173277958,3.29116489950359,16.1343505358165,25.5504392067501,25.0520589949437
United Kingdom,1996,1415358814352.57,64.3654139730723,2.29006726114739,16.7127953309194,26.1507090146543,25.9826177052505
United Kingdom,1995,1341584345905.0,64.0352074075294,2.17125804499354,17.1434385446538,25.5551294929672,25.2825931998843
United Kingdom,1994,1140489745944.29,69.3065525043076,1.71516994974046,18.9081477490486,25.7897769177505,25.817001943113
United Kingdom,1993,1061388722255.55,69.334711035502,1.85476418901582,19.2615304196209,24.5575996631503,24.9247305484829
United Kingdom,1992,1179659529659.53,68.3756826993171,1.95066544669245,19.9548637844593,22.670278858027,23.3903633158278
United Kingdom,1991,1142797178130.51,67.3073517900631,2.03397301702108,19.4750528422788,22.3459285981055,22.727825163666
United Kingdom,1990,1093169389204.55,66.6655186275832,3.78380567982468,18.6167212140211,23.071900651807,24.9286570955686
Croatia,2017,55319620157.6135,58.0853547277336,3.68849266304035,19.5251648285971,50.0289962969341,49.4091168724062
Croatia,2016,51596929180.1352,58.2653864082989,3.61324148073883,19.5851452592443,47.6333169784209,46.515791413073
Croatia,2015,49530656285.0852,59.0541957944174,0.320950194362428,20.1091210643867,46.3797494289749,46.1600824972674
Croatia,2014,57642879510.1075,60.5123153422981,6.86963900898284,20.7508356904088,43.3005334656434,43.6810759129216
Croatia,2013,58056951042.0866,62.2517919948456,1.61446604198505,20.3484445324721,40.4345774315983,42.5885339503051
Croatia,2012,56494436182.7599,62.16349671144,2.5933528034301,20.5736659834788,39.5251693295259,41.2279650745183
Croatia,2011,62354235670.5777,61.2173588928223,2.27346265131436,20.6626476374999,38.8644501984906,40.8658018791482
Croatia,2010,59807966533.2848,60.0806145046502,2.38113483983031,20.5069760680631,36.1773859709839,38.0197077952292
Croatia,2009,62666161453.4983,59.8075464944306,5.10453323288636,20.5101840912197,32.6639775941528,38.2782277032918
Croatia,2008,70288911412.9333,60.6734476338139,7.38074428031165,18.6737314238647,36.4012076074192,46.6363957279215
Croatia,2007,60182977533.3271,60.0273737156566,7.58915152765748,19.08018615118,37.8273089059994,46.240296364773
Croatia,2006,50454899071.2499,60.8970716742397,6.53858822914129,18.426346271473,37.9158123749553,46.4550728880499
Croatia,2005,45386757883.4129,63.2825818130777,3.95339456661866,18.4869427576034,36.7288249648445,45.5139697846304
Croatia,2004,41594418573.8197,63.0939403936043,3.10879576228372,18.5979142064406,36.8986888887826,45.5048184572331
Croatia,2003,34686547352.7218,63.7796772028431,5.26493443237047,18.5490337884873,35.8875244922784,46.3553210966177
Croatia,2002,26815719603.1353,65.6680972099905,3.55668779868024,19.1168688677042,36.2101008454876,45.7233165928655
Croatia,2001,23179799796.1997,64.0174539692161,4.24580053180858,19.2719789526274,37.2369272366842,42.4439487510751
Croatia,2000,21669159307.5371,62.6724639684943,4.87689088315066,21.4385507563104,35.2485465861779,39.7793843814043
Croatia,1999,23400480897.6757,61.2695081998736,6.21671768201122,23.5018375504455,30.4396420562298,36.4893172099999
Croatia,1998,25467053258.5294,62.4349215850223,3.94265174533935,22.6620056832732,29.4453409192586,36.2279356636193
Croatia,1997,23854803103.5938,65.5695873500186,2.50060670237353,21.6265797676781,31.2759467038287,44.1667420840651
Croatia,1996,23710279341.9455,63.8762899079835,2.0772770137085,22.4637242484074,30.6879354021533,37.2085677209453
Croatia,1995,22417450485.5854,66.436980007027,0.482004587159491,24.9116502304257,27.5749352727074,35.8462986904449
Croatia,1994,,,,,,
Croatia,1993,,,,,,
Croatia,1992,,,,,,
Croatia,1991,,,,,,
Croatia,1990,,,,,,
Hungary,2017,141510583019.556,49.5233720956551,-8.50163129675499,20.3391838558097,87.143096211555,79.8541973019801
Hungary,2016,127507473625.632,49.8006495315997,54.6487262910685,20.1336771790787,87.1517391095897,78.4037303647401
Hungary,2015,124529741437.176,48.8950215729653,-4.22905986488503,19.8159021864584,87.9793891678772,79.9918724064404
Hungary,2014,140558786480.464,50.152375613442,9.29156048214399,20.0620672628008,87.4179243002308,81.071763536832
Hungary,2013,135409048034.154,52.3213829946438,-2.64871554492648,19.7631012699203,85.5844507720237,78.5928161158511
Hungary,2012,128153691809.347,53.8328365328119,8.43981018072622,20.0588499764108,86.3220792618396,79.5480611607141
Hungary,2011,141109576981.423,52.7787633377517,7.61179133319735,20.7188514269573,86.5856413001741,80.4683521986314
Hungary,2010,131135561228.374,52.5301905560827,-15.8387855027427,21.5700794403876,81.750413245871,76.4538911121196
Hungary,2009,130760312876.683,53.6341764523931,-2.1352657145714,22.0713233491056,74.3996204739661,70.3684527450478
Hungary,2008,158136326477.965,53.6195329709544,47.4955847375587,21.3996174868508,79.2756977025513,78.9195794670057
Hungary,2007,139966001509.592,54.3733448595676,50.4631812562539,20.8110820867169,77.9422800396353,77.4045849464283
Hungary,2006,115577256523.599,53.3226623015287,16.1612419142968,22.0174007565872,73.8689140152455,74.9985883953804
Hungary,2005,112980947728.383,54.822506698739,24.3312618248781,22.1676862231707,62.6425760409987,64.9505122617302
Hungary,2004,103960017914.058,55.0193507689282,4.36523546091485,22.0559292328292,59.6543880981468,63.6133144524978
Hungary,2003,85302003908.042,56.3227367511888,4.87387192546548,23.0093785289298,56.3331580938058,60.2730161806239
Hungary,2002,67608919144.3684,54.5782950292302,5.38897593043896,21.8644477966697,58.1369735753857,60.1831355869059
Hungary,2001,53749989092.0197,53.9719586718359,7.55129373840367,21.0832537811633,64.8773208127959,66.167747926773
Hungary,2000,47218405892.4258,54.4286302695306,5.81915570397215,21.197290433871,66.8578897770738,70.5487114580459
Hungary,1999,49073380173.7159,54.3170699389717,6.89776404900304,21.2572564697059,55.6436554579462,58.3821193918374
Hungary,1998,48706787306.2574,51.9384039825266,6.69650972724819,20.9157623928713,52.9301860857864,54.4997145406537
Hungary,1997,47296952928.7561,51.5007991343089,8.80421055001972,21.2553652926688,47.9054191719791,46.9432999492901
Hungary,1996,46658755151.6017,53.0843034663638,7.04891598121972,21.6332914695453,41.8827893497962,41.4094173164446
Hungary,1995,46425677734.1435,53.9920359572708,10.3480478194497,22.8695774492961,39.1884804598934,39.196224849794
Hungary,1994,43166678731.4132,58.1530955242269,2.65038660313986,25.4738538760005,25.4007226347856,31.0594574235751
Hungary,1993,40124916944.9454,59.7999535042031,5.85599993590127,27.7271091236084,23.1917550547079,30.3692583536898
Hungary,1992,38730585920.9529,57.7758398010109,3.81911442534407,25.7510330518921,27.6146794200781,27.8266757572161
Hungary,1991,34753569690.2388,54.950388597551,4.2071684241129,24.9192402527877,28.7680105301124,29.5932733924999
Hungary,1990,,,,,,
Ireland,2017,334834010485.56,32.1652617534743,17.4118538087682,11.9833681052992,121.042588526693,98.9557600863141
Ireland,2016,300523297712.96,33.7751250551202,26.3506786586398,12.3142502881106,120.815306582385,105.226070680944
Ireland,2015,291499812103.645,33.0415478343175,80.7911373846719,12.2501386837537,121.965038601737,93.1716019053451
Ireland,2014,258471885130.304,42.9953318058608,33.5842923532261,16.0486861565592,110.025496775393,91.9648488455117
Ireland,2013,238543538776.684,45.0416215919095,20.9464880058703,16.9471290545049,103.664147645544,84.8574430959743
Ireland,2012,224999484104.853,45.4707738563469,18.1981700726272,17.6793591230803,104.509633606792,87.027383869797
Ireland,2011,237472361872.56,46.3926780479364,9.97983607259287,18.3377489109214,103.791020586559,84.9647423193418
Ireland,2010,222148757313.006,47.5829331898654,16.9924224381354,18.7884270431786,103.019290182287,86.4024114621054
Ireland,2009,236316405946.096,47.7261456692888,22.8398487320278,20.1366731626481,93.2367060731826,79.7620315734548
Ireland,2008,275038896001.172,48.6726874887392,8.46705199684734,18.7913117694176,84.1149719738456,75.5101839483462
Ireland,2007,269917943471.12,45.497899097646,22.2048058801478,16.8734299082424,80.7824180853658,72.5112590171128
Ireland,2006,232083467569.941,44.1491488479188,9.50953729543443,16.2260053762254,79.0015708748446,70.9573935726644
Ireland,2005,211649034697.177,43.8780392828714,22.2071618145278,16.0313929357213,79.5836674442647,68.696202291582
Ireland,2004,193870692699.28,43.9838461395294,-5.47148852137351,16.1408681873551,80.5356210256648,66.1612700350127
Ireland,2003,164284690067.72,44.727844960464,13.866960340501,16.0375284754033,80.852043250907,65.7002148600499
Ireland,2002,127949875023.527,44.776919923202,22.9181908320193,15.7892574085638,90.4749947177667,73.2905479469373
Ireland,2001,109135253959.732,45.7804168001822,8.84308232174635,15.3615184067519,95.3262971729131,79.7015601180873
Ireland,2000,99852958356.3663,47.1778023777565,25.8173984796384,14.685112578611,94.489514667878,80.6505006380259
Ireland,1999,98692079266.9934,47.6493186633423,18.4519789725396,14.9442182778028,86.6077080713767,73.5362558772318
Ireland,1998,90082051923.2926,48.7663955557137,9.83793803625436,15.4972107675245,84.4339332133713,73.5440281322926
Ireland,1997,82826141595.0334,50.4102876786639,2.44946525448392,16.0996643349787,77.1532026753973,65.1686968976664
Ireland,1996,75880630166.3306,53.0896780505909,3.44947451577888,16.5882752618527,74.8183483375703,63.8853894366042
Ireland,1995,69222624368.6869,52.6980702915623,2.08447023377044,17.2366574880452,73.4320619051562,62.5082869019156
Ireland,1994,57166035571.2603,55.9990148095094,1.49910517921386,18.184325029852,67.8787623121871,58.4588622991567
Ireland,1993,52480251773.462,56.1920893562464,2.05389639640613,18.363277147196,63.2911915420768,53.1720384091228
Ireland,1992,55985505024.789,57.7300858276174,2.60455808937395,18.56914285618,58.3356200446822,51.0788152550656
Ireland,1991,49847127139.0544,57.9033913057732,2.73168801925429,18.172591710023,55.5153687715901,50.7975448097508
Ireland,1990,49364679953.1067,57.4785935474689,1.25982990387211,17.1790207930785,54.6408000927814,50.2630142320984
Iceland,2017,24489493459.0074,50.3563156601299,-28.5832493540714,23.4507323366382,46.1041878279973,42.0219387130716
Iceland,2016,20716024757.4057,49.383097462484,-5.14716008479115,22.8015871188948,47.4127506701892,41.1985477356532
Iceland,2015,17344165907.2129,50.1118937023639,6.6060682938147,23.3936150390986,51.9389632181021,44.7867393441053
Iceland,2014,17758089312.4856,52.7232280091761,4.31789437224589,23.9356426658441,51.5209256023028,45.4727250304354
Iceland,2013,16033517529.2506,52.81979613419,2.94762234745246,24.1005003315626,53.4930377065601,45.8132657001204
Iceland,2012,14724078264.24,53.7214006197961,6.9557623165653,24.4357708810057,55.0172627742156,49.2502392611431
Iceland,2011,15158548597.3876,52.1525946506749,7.30254272992692,24.6591080317487,54.7612573417452,47.0578124779758
Iceland,2010,13683689802.2771,51.534628811546,1.87802489577768,24.6837498007931,51.984284951387,42.1067523597738
Iceland,2009,13164652894.2464,51.2063592439525,0.483021780107112,24.9730563133216,48.6449517162545,39.8295516250032
Iceland,2008,17905251832.0506,52.2837000527525,6.72253580104028,23.6732526897263,40.6301814016621,42.7885815629979
Iceland,2007,21514962936.5389,55.9690491742719,31.9413497828321,23.0749185990247,33.0216932239627,42.0982317317482
Iceland,2006,17216417442.2912,57.1276518643693,22.5166181994682,23.6714531300338,30.8192106692806,47.8119673695405
Iceland,2005,16812529923.7715,58.5343838781077,18.4010382827434,23.7803999463695,30.4021370249444,42.1933832638011
Iceland,2004,13834751482.0128,56.5329702576469,5.45956319766118,24.0305224403377,32.3834000484046,37.7039714813531
Iceland,2003,11414054860.577,56.5880524091931,2.93809000484182,25.067462427432,32.661995895537,35.6246907473955
Iceland,2002,9294651863.31914,54.303921124126,0.98879973568145,24.3281794037352,35.5319912381791,34.0134260270331
Iceland,2001,8205357164.41227,55.2608736458898,1.99193976577807,22.6776703431962,37.0562005382193,37.9280056007391
Iceland,2000,9003639475.42485,59.4179545235826,1.72331127350838,22.495897868127,32.2044979490213,39.1111421634457
Iceland,1999,8971609106.48051,58.9246896852926,0.742779941672128,22.0034108262963,32.4933548605786,37.019000499122
Iceland,1998,8494094642.90999,57.2880450903023,1.81399664642328,21.1746781057787,33.8062129215842,38.1617436320259
Iceland,1997,7580988916.04599,57.0393237793768,1.95242113762907,20.7592459334154,35.4811745209726,35.0217092642083
Iceland,1996,7438183246.61654,57.6597084359709,1.12099260475094,21.1236539235942,35.740678263962,35.2487843604143
Iceland,1995,7134341218.42524,57.178143811273,-0.13048160928387,21.2129979746538,34.9464974745152,31.5018441886576
Iceland,1994,6399064571.28805,56.474953193263,0.0374148194211339,20.7406840993508,35.1835909397053,30.2189775630358
Iceland,1993,6227928905.73227,57.423444066988,-1.88660703605829e-05,20.8570048016915,32.2387445003369,29.2270366075202
Iceland,1992,7091625419.01334,59.9349288542975,0.121947769257897,20.3769728257821,29.8053723593491,29.9841548356023
Iceland,1991,6920116563.2421,59.7859820565376,-0.266413129153803,19.7788828820797,30.7909646040765,32.1124717514475
Iceland,1990,6478459746.96228,58.9545621076341,-0.0741408917864796,19.1583325209912,33.09665319441,31.9164729392687
Italy,2017,1956960611690.59,60.2813091636782,0.569169860172253,18.8237165249973,30.8424072807019,27.8619485480206
Italy,2016,1875579883543.09,60.1264480135854,1.36793234028107,19.0272401330958,29.3312929817177,26.0427328515306
Italy,2015,1835899237320.04,60.7686085462031,0.724627962134635,19.1103418904102,29.7159823723612,26.7021937892476
Italy,2014,2159133919743.77,60.6062496036636,0.788869272224896,19.5390135071429,29.1088281864091,26.2132869642331
Italy,2013,2141315327318.21,60.9014917551144,0.912122176152343,19.807207720124,28.6332430796987,26.2343363170751
Italy,2012,2087077032435.15,61.298658972307,0.00167224460201878,19.8080633298544,28.3792428359574,27.2754780086443
Italy,2011,2291991045770.29,61.1164673385834,1.50373544840568,19.8160333992457,26.8724634660876,28.2730589939396
Italy,2010,2134017843247.16,60.7253031348877,0.465342940891192,20.5529841689778,25.0740498513169,26.932138522965
Italy,2009,2191241872742.43,60.433053380875,0.757889694945498,20.6786355974322,22.3991617339964,23.0196000534853
Italy,2008,2398856598798.89,59.428873210798,-0.396087836814549,19.5599387775315,26.8627746947944,27.6301011040243
Italy,2007,2210292636189.43,59.0656856488179,2.98492308508201,19.0276459621567,27.3610422532316,27.7004133784664
Italy,2006,1947919708944.93,59.3798118203877,2.92596685814537,19.483774834693,26.1734884330826,26.9946907515411
Italy,2005,1857524312896.41,59.3149612894125,1.97908973894488,19.6144935781847,24.6010923817882,24.6999183803436
Italy,2004,1803226967966.23,58.9888722794372,1.1147095323488,19.1593582401662,24.0098284192385,23.4205019696086
Italy,2003,1574145823927.77,59.3896564491746,1.24339730386189,18.9754277141381,23.3021929123911,22.846651865801
Italy,2002,1270712309429.7,59.1257572899538,1.35666900186247,18.5459988451104,24.4074673383008,23.6504569605133
Italy,2001,1167012796420.58,59.4935899362705,1.27488632039674,18.3998335143982,25.6490116681011,24.3857929628241
Italy,2000,1143829832319.88,60.5495279187192,1.1516557383088,17.7360219132641,25.6277321000853,24.7778577250385
Italy,1999,1252023758789.69,60.4389824443613,0.554443809583831,17.5472142055117,23.2007416928655,21.4200491086453
Italy,1998,1270052525928.4,59.7038818161487,0.207870544521323,17.5284656244103,24.0629522904606,21.0297859404713
Italy,1997,1241879604365.62,59.1043791257677,0.296910142702469,17.6828588960773,24.149790549301,20.4387154276353
Italy,1996,1312426527795.21,58.4977598134075,0.270410348992298,17.6164843006228,23.7046822237544,19.1740161111386
Italy,1995,1174662070605.02,58.8624541003672,0.412363937826127,17.4347771884492,24.6724895248457,21.0120646415781
Italy,1994,1099216688640.73,59.0037323433141,0.200920878067044,18.6919490195176,21.8710884125796,18.5839402991086
Italy,1993,1064958075919.77,58.4884507861971,0.35108519032864,19.3824106414897,20.3990960311166,17.360133143678
Italy,1992,1320161645718.77,58.9703298462091,0.236224936921837,19.5304093706181,17.4791899115047,17.434521704454
Italy,1991,1246220155454.97,58.0119159652204,0.192851089243623,19.6914281319675,17.0360093702047,16.8424279935829
Italy,1990,1181222652714.93,57.735474085101,0.545262644718224,19.6030424648302,18.2594375395721,18.0623118710358
Liechtenstein,2017,,,,,,
Liechtenstein,2016,6214633651.30911,,976.241517469867,,,
Liechtenstein,2015,6268391521.19701,,1282.63255152283,,,
Liechtenstein,2014,6657170923.37918,,140.300947686665,,,
Liechtenstein,2013,6391735893.83968,,18.0689050892294,,,
Liechtenstein,2012,5456009384.66461,,540.376166318964,,,
Liechtenstein,2011,5739977477.47748,,460.191752505652,,,
Liechtenstein,2010,5082366478.08994,,587.835233729843,,,
Liechtenstein,2009,4504549214.22663,,664.548116240499,,,
Liechtenstein,2008,5081432924.0144,,319.100270253238,,,
Liechtenstein,2007,4601299566.81106,,728.886304581801,,,
Liechtenstein,2006,4000239272.61126,,1114.89414939,,,
Liechtenstein,2005,3659251525.8593,,-7.29519014566271,,,
Liechtenstein,2004,3454362685.96703,,53.4349901059236,,,
Liechtenstein,2003,3070691319.52179,,563.568913333618,,,
Liechtenstein,2002,2688630822.53304,,255.306797695441,,,
Liechtenstein,2001,2491822706.80256,,376.797919448274,,,
Liechtenstein,2000,2483953102.79488,,799.313590717551,,,
Liechtenstein,1999,2664026095.06058,,,,,
Liechtenstein,1998,2479721340.8746,,,,,
Liechtenstein,1997,2298410390.68421,,,,,
Liechtenstein,1996,2504033252.42718,,,,,
Liechtenstein,1995,2428461395.34884,,,,,
Liechtenstein,1994,1948118227.68151,,,,,
Liechtenstein,1993,1673104493.77369,,,,,
Liechtenstein,1992,1631197909.259,,,,,
Liechtenstein,1991,1484152022.3152,,,,,
Liechtenstein,1990,1421466239.56234,,,,,
Lithuania,2017,47632961168.4141,62.141934754173,2.50128959295448,16.3139169231323,73.6057866057133,71.2221455107718
Lithuania,2016,43021972484.8299,63.0483638364893,2.23713298181508,16.9973626664803,67.5794281300519,66.7999637490955
Lithuania,2015,41392396557.6337,62.5590088703405,2.52142105939556,17.2236819832068,68.8216339729772,69.8193075781853
Lithuania,2014,48485169331.368,61.9964599906661,0.735341378941383,16.6303814852549,72.3427034786249,70.5216748105058
Lithuania,2013,46450990764.2532,62.3851499606823,1.53756635737608,16.682463441136,78.7912371631878,77.3386213496781
Lithuania,2012,42826586829.8189,62.1780992385962,1.57995135963288,17.4958608795299,78.4108732543267,77.7993402278497
Lithuania,2011,43419061504.4429,62.3994434862567,4.33293886930449,18.3684856083471,73.0757046948924,75.7680795729489
Lithuania,2010,37024718364.5516,64.0029855204661,2.97844580659466,19.9007253955648,64.1219260013155,66.1302176804823
Lithuania,2009,37440673477.8982,68.0731839293304,-0.962123928853113,21.2358296577473,51.9391992978012,53.6193827614333
Lithuania,2008,47850551148.8365,65.0252342455969,3.61053468391111,18.6590150361318,57.1390059840933,68.7104110945753
Lithuania,2007,39738180076.6283,63.5681304372469,6.54691655374407,17.4473701735863,50.3583079476632,63.4831213558424
Lithuania,2006,30216060233.4044,64.4118123232975,7.47721889862973,19.1265001799231,55.6202710803455,65.8839223517693
Lithuania,2005,26125575942.2814,64.6741154043687,4.94792285067614,18.5046626090732,53.8422373248175,61.0747016149454
Lithuania,2004,22649930576.2543,65.1894788780142,3.84829517412723,19.1662801829533,47.3466812670995,54.3839288587549
Lithuania,2003,18802576988.1557,64.4328715067048,1.15621832066264,19.5525346050506,46.1697180688502,51.9562321337612
Lithuania,2002,14278357283.7419,64.4803809877894,4.62791681697207,20.5623310150454,47.3421091874599,53.0177724004742
Lithuania,2001,12252498921.0186,65.3000559370799,3.61069201353762,21.1450862727306,44.0426403992527,49.5075402338367
Lithuania,2000,11539211480.3625,65.0192500076581,3.29548081034089,22.4049323406225,38.5456565448549,44.728638195344
Lithuania,1999,10972878636.1675,64.9771600318529,5.14484410808337,23.6637255560359,32.4143337078931,42.3983356177615
Lithuania,1998,11240360897.7126,61.1836318226212,8.17389235417675,25.883002956368,39.1247641934895,50.5270440088423
Lithuania,1997,10120274492.8787,61.3452153972361,3.57981890960496,24.1562235752671,44.9667460968798,55.042629272544
Lithuania,1996,8385109020.28485,64.1627344641869,1.81750767499053,24.0736275318327,41.9404333192837,51.2339207733775
Lithuania,1995,7870782260.51698,63.9007178634597,0.921858814008586,23.9865631475,37.1446156531344,47.7722821147617
Lithuania,1994,,,,,,
Lithuania,1993,,,,,,
Lithuania,1992,,,,,,
Lithuania,1991,,,,,,
Lithuania,1990,,,,,,
Luxembourg,2017,64023412339.7075,29.8123527580098,-10.6187912515173,16.4278176810376,217.621360613456,182.458110700508
Luxembourg,2016,60691483443.1221,29.6716858311408,52.5246911735683,15.9170866152481,213.035692906183,177.626808700195
Luxembourg,2015,57744457954.7297,30.1405367607087,21.6379759745323,16.504365014368,221.196586443064,187.165425340177
Luxembourg,2014,66103853236.7572,30.9094604972099,28.5422075233717,16.7407921716274,212.607099406063,180.197084141687
Luxembourg,2013,61739352212.3049,31.670684625833,25.9206816368786,17.2966926998879,190.628582291961,158.613356771548
Luxembourg,2012,56677961787.0717,32.192356767458,44.9864120669659,17.4078741896072,186.444307394605,155.417714801349
Luxembourg,2011,60004630234.4135,31.3331563057415,14.7374572299411,16.6911712886514,177.989656164445,145.459951183197
Luxembourg,2010,53212476812.2957,32.194408695028,73.5326207445863,17.0352979898457,174.523090007987,141.638310219581
Luxembourg,2009,51370543206.4462,34.1570840758203,53.0559977522147,17.4646898192169,164.069506600635,131.903299599581
Luxembourg,2008,55849686538.7432,32.9112116708461,12.7433353153655,15.733976567342,187.111880717512,156.449947612789
Luxembourg,2007,50888134410.0739,32.3027237701758,-58.322880479128,15.217403992714,182.888001090727,149.616848236193
Luxembourg,2006,42414308116.9239,33.9600860080965,75.9638340718709,15.8600876201198,176.246890384932,144.35137138073
Luxembourg,2005,37347394602.6614,36.3011970281416,12.4366626717233,17.1471683964325,161.676408809019,136.096565420312
Luxembourg,2004,34685281847.5292,37.8057746254715,14.9332603421191,17.0150939703086,153.035736645875,128.172657282344
Luxembourg,2003,29557325056.4334,39.0798078035604,14.5179094356825,16.7638468156343,138.90022793065,115.200824506383
Luxembourg,2002,23616328816.1114,38.9919254300239,17.9671209591465,16.2281446476909,141.96461158688,116.878536676513
Luxembourg,2001,21272418791.9463,38.8722235739566,,15.8291788533097,147.439463050704,123.904985746213
Luxembourg,2000,21263514833.2412,37.8769500220088,,14.838904740193,148.484907700666,123.466058655983
Luxembourg,1999,22235929043.2559,39.0559361299985,,15.319810702526,130.829615551375,108.387312264409
Luxembourg,1998,20209122027.1171,41.3830151591208,,15.8099727191258,126.178536185983,106.711552598942
Luxembourg,1997,19731912494.3617,41.478975623862,,16.2778756287768,115.847004216419,94.7352593915052
Luxembourg,1996,21776609771.987,41.7383550159428,,16.1009379935367,106.524281977711,83.9078991486428
Luxembourg,1995,21588170498.0843,42.7951334362492,,15.9222102812165,102.475306045934,82.1398289305673
Luxembourg,1994,18325791415.4811,42.7518548514319,,15.3664943893814,100.180980034529,80.7696237500355
Luxembourg,1993,16486900186.5672,43.0442387632832,,15.8144190630316,96.9689675322849,79.6989823784227
Luxembourg,1992,16065740777.9172,44.7905794911644,,15.9102029917008,96.707857053524,81.0612846273085
Luxembourg,1991,14321878795.0384,46.4650575630555,,15.2941776473509,97.6955360900621,85.9951916078419
Luxembourg,1990,13229247947.8513,46.4645665993467,,15.7943387550941,97.8007609925223,85.0681875688982
Latvia,2017,30198231776.3706,59.8199824590294,3.76326282351134,18.1078484965557,62.1263517837431,61.9703055840373
Latvia,2016,27734140217.3664,60.1772442204623,1.20136307572388,18.0523971212123,60.401556485662,59.4192226370126
Latvia,2015,27090019662.7977,60.2204073133833,3.00052871734961,18.0763424682732,60.7200683502335,61.6288228437622
Latvia,2014,31382780146.4181,61.2780218080824,3.31737629865136,17.5253526165328,61.2021916139423,63.2380824587094
Latvia,2013,30276485435.7497,61.863837905982,3.26749906774635,17.6289773636493,60.2606199452678,63.8079318728626
Latvia,2012,28170812351.7896,60.8412945436255,3.83652034613006,17.3963632562276,61.1988791143765,65.6376967414108
Latvia,2011,28246551197.1364,61.3551939891645,5.37948468770827,18.2380106012484,57.7696038324145,62.7434206041988
Latvia,2010,23796118300.8371,63.0668856071075,1.99605492455877,18.4305748399898,53.5699534578098,55.0419073398386
Latvia,2009,26250900750.6255,60.4396751308903,-0.571493336036068,19.0760892645541,42.4713440337353,44.0870000992327
Latvia,2008,35657998830.5803,57.9586184708742,4.02230580857391,19.7450794237858,39.4735930521554,52.367873638523
Latvia,2007,30897981124.3332,59.9509533494169,8.7818445198775,17.6230971591509,38.4552319275218,57.4783946215045
Latvia,2006,21436812139.4532,64.375489141798,7.95672123597261,17.2499844094736,39.9923153037427,60.67418701401
Latvia,2005,16909366521.4686,61.5663831241725,4.78939510472563,17.9038566901868,43.2089423491073,57.7027670344093
Latvia,2004,14355307662.287,62.6916086878706,4.12105393113462,19.9364109860284,39.1302523578547,54.7003627120257
Latvia,2003,11731703357.5206,61.3887570331966,2.69911509645225,21.0240581659721,36.1702132120522,48.7314142878828
Latvia,2002,9529948840.38199,61.5105821705895,1.67986948137711,20.6849401190068,36.6434147728201,46.7993901134775
Latvia,2001,8334748153.1229,61.8384736291918,2.08165516986893,20.6086031867793,38.1268109752757,48.5281075180789
Latvia,2000,7934206257.24218,62.5038190681766,4.08591416658282,20.9527516276679,36.8991357076303,44.8903934735557
Latvia,1999,7518044679.3178,65.0546431326088,4.63019328626266,22.5878038010558,35.1017265849608,44.930588971302
Latvia,1998,7145882282.85476,63.7414946363834,5.19739879974103,22.6945585514325,39.3484227447291,51.4635753098062
Latvia,1997,6508472054.19792,66.9209835195913,7.28825438674266,21.0869972934456,39.8194911692646,48.8854910581102
Latvia,1996,5952007401.73558,68.0480009296755,5.56706296943413,22.031036495981,40.5731312203942,49.6164552562579
Latvia,1995,5770516257.8437,65.4801217709277,4.22906702096688,23.6253937561507,34.6739948683805,39.4313204751221
Latvia,1994,,65.2704576976422,,,,
Latvia,1993,,,,,,
Latvia,1992,,,,,,
Latvia,1991,,,,,,
Latvia,1990,,,,,,
Malta,2017,12768671649.7805,44.1440127804842,31.1976550881735,15.3708288279685,149.770954264223,128.545956789183
Malta,2016,11452895366.67,46.1934544633219,27.44650976548,16.1122226729613,151.899769838095,138.133753633471
Malta,2015,10715545898.6342,48.02209702694,33.9759185500061,17.4888164399106,153.767824830159,144.143473947649
Malta,2014,11303729347.0846,51.0611162491478,1.3790026578365,18.8576591567904,148.84827071204,136.508001742933
Malta,2013,10154463059.2461,55.2248110627922,5.0229911232806,19.3429172405737,156.98259356995,150.708273437129
Malta,2012,9209873465.50645,57.1263900443004,36.087355891697,20.206914753847,165.247834133142,160.604173074345
Malta,2011,9510019134.82894,58.6757626982884,82.091435557281,19.683968299225,160.495528134765,158.246277523686
Malta,2010,8749171417.20801,57.8058943859383,105.667127537799,19.492385786802,153.255549662853,154.166224713994
Malta,2009,8528202278.41067,60.9634118528655,16.942269881001,19.7748672335712,147.735640048219,149.239240217639
Malta,2008,8977149553.24447,58.8281364726614,165.283757570523,19.7333855466902,148.476838481244,148.724851926183
Malta,2007,7880509170.54476,60.5297438124186,451.639312153397,17.9366044290056,129.537125488493,128.9726443769
Malta,2006,6757119558.3992,63.4800690666716,370.503917502097,18.6164386104974,123.45481888565,126.830173966321
Malta,2005,6394851386.64345,62.9937185196709,340.921455859394,18.1073880321269,104.371754730558,106.816281285856
Malta,2004,6062780269.0583,63.1225345167653,123.194967870299,19.103385930309,103.464003944773,104.793310322156
Malta,2003,5456583589.39342,61.23010824452,16.704125876631,18.8332950966692,107.721025298767,106.851314993639
Malta,2002,4689832689.83269,61.0824959891919,-10.6143766916459,18.8170227138394,111.625010554758,107.22789833657
Malta,2001,4331870647.71535,64.1386448217392,9.62376765584174,18.988791262029,108.497941027504,110.162735900993
Malta,2000,4306192435.82207,62.8660492843978,17.2585256180319,17.7296411749983,119.333773237161,126.528476188309
Malta,1999,4127313818.33836,62.9005762561602,16.1614272005127,17.8352585330239,112.356913770176,114.659330917056
Malta,1998,3923637971.04652,62.0926630052105,8.23941374005748,18.3213631882833,110.336572313759,112.970004224757
Malta,1997,3705372038.70537,62.1311721446796,3.69717145020487,18.3641002551403,110.62284256341,115.485517034369
Malta,1996,3570271557.88471,62.6567921003469,8.76673221965365,19.1286362423272,114.104617026955,123.465439017881
Malta,1995,3439931906.61479,60.3711558854719,11.4010555386642,17.9816189466242,122.272887946271,131.703782255214
Malta,1994,2998570146.54095,60.2726211322728,5.05884597824686,18.8522205649684,85.9618426185406,95.7401068092093
Malta,1993,2709178326.78271,60.8489004023298,2.08334545000045,18.5507389711013,84.8121839900987,94.0932508299505
Malta,1992,3021910216.71827,61.9341506868823,2.80267546280116,17.346279389665,81.7595778593911,88.7058179791678
Malta,1991,2750041434.26295,62.4880552324891,3.27404758701447,16.8280502063666,77.3719647445128,87.8658450250563
Malta,1990,2547163582.33149,63.9516389229647,1.17855895163474,16.2303573296044,75.8336262449983,88.6501113771416
Netherlands,2017,831809944960.879,44.3355379559057,11.5718276919364,24.3164631387287,83.391768024212,72.6364431968743
Netherlands,2016,783528181704.567,44.6173219809215,30.8423746416686,24.683448697442,79.5351647591471,69.3234999724707
Netherlands,2015,765264949780.999,45.0452748373932,41.9187629099704,24.978550973322,82.658896708444,75.1576793312541
Netherlands,2014,890981311077.658,45.3040681398535,13.2019937569918,25.6812496277324,80.5779081541485,69.4758472809578
Netherlands,2013,876923518850.405,45.4894520964838,37.4807348626119,25.7888784080259,79.880477786038,69.6688535163968
Netherlands,2012,838971306990.906,45.5103328504088,28.5669993075886,26.0266231319854,79.5033738356974,69.765041365094
Netherlands,2011,904085980796.018,45.6392546270598,36.7300267334479,25.7866808947058,75.5030683053513,66.9687049767897
Netherlands,2010,846554894931.084,45.4497666567061,13.673451529465,26.2433372393368,69.8036724776943,61.718401657105
Netherlands,2009,868077243678.8,45.6966721187116,11.041793588559,25.9976121963632,62.2370135170171,54.6525361611415
Netherlands,2008,947997656364.435,45.6480088010161,20.6255899935593,23.4937376197083,69.7936334784718,61.2662585483886
Netherlands,2007,847481522036.682,46.3229807645719,86.5890857692071,23.2344913351745,68.7754574672546,61.6824135536282
Netherlands,2006,733340860619.747,47.1971410291063,51.2048398340921,23.1891074440677,68.1811183379922,59.5910330410267
Netherlands,2005,685092650167.89,48.8087307105138,30.6365606594436,22.2796855230602,65.632085215917,57.1745724591247
Netherlands,2004,657171591755.649,49.4313093488209,21.2913476384592,22.5074912240263,62.6742441704485,54.9343833012776
Netherlands,2003,578792325056.433,49.9627542364618,3.53433198098435,22.9008794680291,59.2841403248767,52.6358690353152
Netherlands,2002,471613965744.401,50.028834430505,5.40379276260554,22.1230920885905,60.148422487264,53.3089753899632
Netherlands,2001,431213422818.792,49.7309501723455,12.0587424105981,20.9927347208128,63.2984076981661,56.740357059108
Netherlands,2000,416442786069.652,50.3301940014203,15.1544784651336,20.5549914050004,66.0332693962704,59.4886804850367
Netherlands,1999,446898572341.786,50.7811252112841,9.21056835651211,20.5939078670383,59.9050205145199,54.496863817441
Netherlands,1998,438008220395.468,50.1000519915292,8.58862846737234,20.8275529742959,59.3403416223893,53.2116816089476
Netherlands,1997,416812740004.518,49.7867474515372,2.64707865929141,20.9911501547233,60.3599551275451,53.980804560949
Netherlands,1996,450490196078.431,50.0201668480232,3.68584505031171,21.3745375408052,57.3884657236126,51.3445048966268
Netherlands,1995,452301674444.139,49.2224174396975,2.69867906053078,22.4259362094026,57.2209730326782,50.5976385765915
Netherlands,1994,379130260200.993,49.412452856061,1.87970101659928,22.4874467407698,54.735650896803,48.2150839195277
Netherlands,1993,353550170028.477,49.6622016939128,1.8046389466301,22.6659394235943,52.6120824353078,46.3290407178893
Netherlands,1992,362962871804.511,49.5967170212408,1.70444913063702,22.4014270738892,53.3760699345224,48.6236080381603
Netherlands,1991,327500328264.969,49.7929831551954,1.71719506492869,21.8899721564535,55.1090140475996,50.000390226745
Netherlands,1990,318330511920.61,49.4392491578982,3.35363696939207,21.6930481762565,54.4147456005935,49.6186239581303
Norway,2017,398393955268.99,44.6581610265517,1.48109795486344,24.0060181186885,36.3329956891189,32.8314289511808
Norway,2016,368827142857.143,45.5568294348753,-5.06160492142916,24.3586491026252,35.4599263818255,33.480388929128
Norway,2015,385801550067.169,43.5292468937711,1.88544780890736,23.2390214864642,37.8018159096519,32.0573495227516
Norway,2014,498410050251.256,41.0212766499385,0.65051659502455,21.8677387454335,38.996355721797,29.6669271087049
Norway,2013,522761531914.894,40.1920537219037,-0.261803343835658,21.1095966949985,39.1971735047655,28.3494463445193
Norway,2012,509506317146.541,39.6958151558019,5.4754901733455,20.7420042759019,40.6824371898883,27.5349664800191
Norway,2011,498283438454.281,40.2904303854036,2.06635867883482,20.9188081855334,41.2739648574507,28.3994280768709
Norway,2010,428757038466.841,41.9501373539975,5.04581003263603,21.3402076574805,39.7598437031518,28.4897157183215
Norway,2009,386190385318.767,42.2466965975851,2.23614134903134,21.5984395183656,39.2356785990914,27.8191182059897
Norway,2008,462250000000.0,38.388279652793,4.45175114875388,18.5066491759011,45.9167117360736,28.9726476646376
Norway,2007,400937100158.657,40.4773606028152,6.18702811310606,18.7287063548088,43.2984720699285,29.8857573463741
Norway,2006,345581369965.54,40.2457319959194,3.43708452552289,18.6393011469027,44.6445612247706,27.7112885927419
Norway,2005,308884284051.222,41.9407262459504,3.25648158517507,19.4420868076023,43.4025448407452,27.4110333384087
Norway,2004,264511630666.983,44.3284427544279,1.85946265346505,20.8033000190688,41.0909019528665,27.9178584648518
Norway,2003,228858506821.841,45.715715728071,1.82618530602719,21.9919104596251,39.6301695174664,26.9226544159214
Norway,2002,195524186477.617,44.7156549602633,1.54034801760238,21.6695301679793,40.3731263925136,27.2372785591015
Norway,2001,173972218824.027,42.6749625712616,1.83375029103222,20.0626987302996,44.9623027719641,28.3171578962172
Norway,2000,171247131268.604,42.4611701982972,4.86551927864212,18.8866987818479,45.7323541763557,28.9192540485098
Norway,1999,162284465073.341,47.1713035350706,3.58759758241959,21.0249121229623,38.6046651270573,31.4039230806304
Norway,1998,154163364302.66,48.5255910961177,3.66226460248637,21.3662053443239,36.9081086471718,35.1146600090442
Norway,1997,161356631888.484,46.9046909772723,2.79790754603139,19.9780083060262,40.5572397357492,32.5053007867945
Norway,1996,163520109150.671,48.0708694267033,2.34068795022881,20.365004475325,39.9423707086184,31.1781293141375
Norway,1995,152029612324.788,48.8935126638135,1.57388218232366,20.9626242552988,37.1826259580662,31.1428891809896
Norway,1994,127131461119.927,49.5025316441588,2.15241286120085,21.6250224298211,37.3372653784984,31.3911615916758
Norway,1993,120579072750.596,49.7342763619359,0.822301973409777,21.9735796118775,37.1581716156184,30.8908113163432
Norway,1992,130838040067.584,49.9314346575361,-0.510642625534553,21.9519784329714,37.1365883115462,30.5310708615128
Norway,1991,121872464483.487,49.0915557400641,-0.2902015195892,21.0059145385255,39.2030244770513,31.4729896834146
Norway,1990,119791683307.507,48.8812578347958,0.836441265315929,20.2841863814579,39.4194916384392,33.1700584109034
Poland,2017,526216495118.144,58.3370794426594,2.23520169153178,17.6865637869394,54.3540852704993,50.1707119619053
Poland,2016,472028000405.803,58.4797153529718,3.8813375444358,17.8990302571796,52.1945482055889,48.1581441632744
Poland,2015,477576866958.483,58.4085553702702,3.15446602259938,18.0391795252374,49.497951923814,46.4049513783269
Poland,2014,545389126644.476,60.0217968763623,3.62603488662718,18.1786530111658,47.5689217230576,46.1280028830002
Poland,2013,524234322596.975,60.9401923477348,0.151649742439925,18.1308411214953,46.3198331819457,44.3720332308324
Poland,2012,500360816827.883,61.5200454147936,1.47053880970281,17.9293308989367,44.4435920646854,44.8838700768676
Poland,2011,528832185770.217,61.465167753366,3.49543777731258,18.0514212189755,42.5631723792845,44.5195503770685
Poland,2010,479321460551.189,61.5651581888303,3.83771675460701,19.1196556004367,40.055130499039,42.053195949901
Poland,2009,439796160379.475,61.5760147149703,3.18897736349008,18.7078781059431,37.1844501708196,38.0414631018038
Poland,2008,533815789473.684,61.7813663186034,2.730155287158,18.6031231605769,37.8569890106985,42.8974650660268
Poland,2007,429063549983.742,60.2158124965792,5.83386773380038,18.1093040194341,38.564590078351,42.0974145443982
Poland,2006,344748646558.391,61.8896192270878,6.22859588119167,18.4774318018665,37.8639851040919,39.9274086204834
Poland,2005,306125173852.573,62.8535197502595,3.60669456257042,18.2970070714046,34.6096996571318,35.6652612704297
Poland,2004,255102252843.395,64.1731203285527,5.43625148168075,18.2798142031291,34.2648184150678,36.9483485556158
Poland,2003,217513049291.61,64.9208563356306,2.46927713877035,18.9020368115565,33.3912971522466,36.0460085349852
Poland,2002,198680637254.902,66.3324356632047,2.05908338956622,18.6302532515356,28.7582175059245,32.1662388032819
Poland,2001,190521263343.023,64.3992435654989,2.97971990127889,18.6581621205808,27.2298471104843,30.8453476072951
Poland,2000,171885598582.637,63.6255207273584,5.43093783131111,18.0756647640262,27.2289540474839,33.5617483588387
Poland,1999,169717677900.734,62.4267214427131,4.36430670724372,17.8821215915353,24.1244818331558,29.8970572727529
Poland,1998,174388271853.6,61.809793934354,3.66022320890856,17.7052447823598,25.9820251489517,30.6785201024966
Poland,1997,159117799530.388,61.9672476738949,3.08576414108989,18.0854550158587,23.3593652679692,27.1144798244521
Poland,1996,159942880456.956,61.0785164022244,2.81350441304015,18.5027665564373,22.0946519426189,23.380996331356
Poland,1995,142137319587.629,59.2033839789024,2.57427114188979,18.875024297688,22.9605173449227,20.7178770058285
Poland,1994,110803391516.698,,1.69218647040911,,,
Poland,1993,96045645026.178,,1.78560933140963,,,
Poland,1992,94337050693.2727,,0.718699593656418,,,
Poland,1991,85500935934.9901,,0.340347151546106,,,
Poland,1990,65977748210.5263,,0.13489396412259,,,
Portugal,2017,220811110492.149,64.5791440459908,4.48387364128188,17.1847386854857,42.7242663980773,41.7148741234948
Portugal,2016,206286022781.894,65.432180635327,3.53087448387177,17.5878772272443,40.2108236358286,39.0634059895101
Portugal,2015,199313894327.486,65.5546581316285,0.63719302521121,17.8506828206164,40.6151154462762,39.8757783785883
Portugal,2014,229596170846.995,66.1352891918382,5.24651984440086,18.398464555142,40.2159680026703,40.0663398736754
Portugal,2013,226369502104.236,65.4212092162373,6.95553973472436,18.8480962735032,39.6065049729616,38.5079296469449
Portugal,2012,216236608773.976,66.4573688211601,9.89489043896364,18.3354928376041,37.7780148210557,38.2728240456527
Portugal,2011,244797226567.109,65.8867312907105,4.01192326711906,19.705346688089,34.4548615994609,38.644682399142
Portugal,2010,237880908317.652,65.9255222093324,3.76949777202442,20.5931543785576,30.0693089249393,37.7139865308418
Portugal,2009,243701635176.438,64.7568260664193,2.2920770351112,21.3058745458386,27.2937427180784,34.1989508086976
Portugal,2008,262344779551.78,66.2050395521217,2.98045780684778,19.7690520506211,31.2610790783868,40.8146638437736
Portugal,2007,240190803449.22,64.8509918040624,2.50411020751372,19.6068703956792,31.1941845713373,38.7519330104618
Portugal,2006,208581694893.991,64.5858072251679,6.42170578549772,20.320763680752,30.3574044411002,38.1896486771007
Portugal,2005,197180330804.626,64.4324079140271,1.70804917151351,20.9851476263691,27.0841675459537,35.8603370144983
Portugal,2004,189034502110.752,63.622546860726,1.31466041462208,20.4236198546812,27.6670515552519,35.5375421117759
Portugal,2003,164862142212.19,63.1834623055813,6.28081072794479,20.1063960286184,27.3671918978917,33.7717555904736
Portugal,2002,134156091661.961,62.7051111056567,0.438216202023454,19.5520943488025,27.0733622325977,35.2348971843795
Portugal,2001,121498889485.459,62.8101398247744,5.03196834116576,19.2496713441573,27.4373261135265,37.6546290635856
Portugal,2000,118310710337.203,63.4011173742954,6.16392349483924,18.8660006278889,28.2046205938904,39.2483773924343
Portugal,1999,127427343916.471,63.2938471056464,0.581273831468913,18.0287125008795,26.4819747246951,36.8323550925286
Portugal,1998,123946327916.296,63.0179302773034,4.89835270210409,17.8329520142725,27.3316272273762,36.4992716296598
Portugal,1997,117016535162.95,63.8736908165427,2.31647209170027,17.5986270430767,27.1541447475915,35.1508067548668
Portugal,1996,122630089680.27,65.0260184801759,1.28145373512429,17.6785052834986,26.5484648796224,33.6613401675442
Portugal,1995,118122007430.012,64.7197965929067,0.579546715045669,17.4618341842831,26.7697318737852,33.1447402882201
Portugal,1994,99688640942.029,66.5582930035661,1.27368069621202,17.541897756203,25.1335657785702,32.0437940814772
Portugal,1993,95009751901.2592,67.565703988391,1.6144453804152,17.4846495721238,23.6001476341079,30.5750848980102
Portugal,1992,107592098901.099,65.7722562232943,1.74123246272306,16.8983429443035,24.4586707912327,31.8486074619511
Portugal,1991,89233599833.4952,64.7938535858865,2.74387017369941,16.8698353834534,26.5475593333791,33.8190409734185
Portugal,1990,78713859794.6843,63.8824977260593,3.31579016382789,15.193987849845,29.1691782230867,35.8864145776234
Romania,2017,211695422578.655,62.9883446204475,2.81201621442387,15.7090075168811,41.4700877973861,43.5940639404067
Romania,2016,188494136775.719,62.5049893130026,3.3168330184547,15.0884144165856,41.1855862374163,42.1123633803899
Romania,2015,177893451831.141,61.7504678020028,2.42714469130926,13.7427415961935,41.0180191128728,41.6394863903087
Romania,2014,199626806401.529,61.5214463989222,1.93821518505031,14.2344165730243,41.1641751799795,41.603981273429
Romania,2013,190949066979.176,61.120820622057,2.01876838605237,14.0725748962089,39.8731217132047,40.6512831504263
Romania,2012,171196268957.961,63.6491653205453,1.78016129261889,14.5252768496263,37.4089525954752,42.5334770318938
Romania,2011,183443154234.731,63.4367811734682,1.29200636159222,14.259229589618,37.0315825913804,42.8398618994759
Romania,2010,166225180150.414,63.8200122291277,1.93336391578931,15.475222765108,32.398669561777,38.8368888039118
Romania,2009,174103695930.213,63.1248135222372,2.66374866700264,16.1045586466913,26.0236122287219,32.4492215401029
Romania,2008,214313628965.024,63.8898470012852,6.37748719516936,15.8811050644031,26.1553446185183,39.0194700376745
Romania,2007,174585202805.233,67.3559301568673,5.78690882845609,15.3905496262431,24.710829049515,38.7943276239508
Romania,2006,122022997508.01,68.7509372376099,9.02011511487348,15.9232658405555,24.7712264990404,36.9123994274755
Romania,2005,98452791982.7024,71.119448068914,6.60077823288976,16.2399747055988,24.5352206061523,34.8253288429032
Romania,2004,74972669056.5922,70.1944473846931,8.59379835488661,14.7275942495003,25.743936265036,34.8825424019048
Romania,2003,57806506024.0964,68.5139351471673,3.18995235455216,16.0448025610991,24.2127350487918,31.9667919982326
Romania,2002,46066101951.2933,68.6871804638426,2.48338789596215,14.8243105242938,24.0130293587441,29.6972184551935
Romania,2001,40394824679.1232,69.1639251256907,2.86422829951768,15.7967278693329,22.105963469215,29.8226275519331
Romania,2000,37253259016.9976,68.8149706144565,2.78364907490871,16.8590050338122,21.58888431382,26.9324410712586
Romania,1999,35952781582.2083,72.2822458930748,2.89546442357927,16.7184869681314,26.6618172055494,31.3118578394381
Romania,1998,41694118972.5101,77.53224328991,4.87119059006639,11.8926601761255,23.0154805621533,30.8233151479287
Romania,1997,35574916294.6429,72.8204987431422,3.4153277830283,12.6917149344512,28.1971443249242,35.0080980074588
Romania,1996,36937074278.3004,73.0981673208813,0.712021742757537,11.6731209989726,26.4574936115282,34.3238757606892
Romania,1995,37435317265.1254,69.4662707276693,1.11926392137282,12.2487057525031,25.6300423094106,30.6611830867474
Romania,1994,30074440483.3837,63.4891862184707,1.13385318070474,13.7660430465801,24.9013530353956,26.9657170317705
Romania,1993,26362894736.8421,63.6994779344972,0.356561754459517,12.3439044111041,23.0163008215295,27.9874025494365
Romania,1992,25121666666.6667,62.719763816095,0.306508326146089,14.2821601539176,27.7914151131162,36.1988323492337
Romania,1991,28998684210.5263,60.7377830210082,0.137937292980625,15.1504151731022,17.6006170878896,21.5345523844095
Romania,1990,38995454545.4545,65.8818044061079,2.56440144538991e-05,13.3232311458212,16.726891246066,26.1802074833897
Slovak Republic,2017,95241436351.7628,55.8746645127806,4.43670542590903,18.910471330592,95.1058890456424,92.9174371477077
Slovak Republic,2016,89640741266.0295,55.0838041812263,5.29098074907926,18.9167653513899,93.7275041002486,90.7781953535867
Slovak Republic,2015,88457167724.277,54.0460793760661,1.71878431680429,18.6231790241801,92.0228927438907,88.9479636939641
Slovak Republic,2014,101171217100.824,55.0712734770166,-0.358583708498612,18.3634893561486,91.5183156556527,86.7003263329704
Slovak Republic,2013,98723944143.6938,55.4889624206735,1.01687891314575,17.9831199970896,93.6153562017378,88.0119688232825
Slovak Republic,2012,94416582465.2848,56.0702381539164,1.88162512841785,17.7372075175948,91.0358772574459,85.5166107173903
Slovak Republic,2011,98997521242.3941,55.7141157446177,5.48659453666099,18.336542024858,85.0149858061686,84.3097336497469
Slovak Republic,2010,90183986821.6439,57.1915653429332,2.34612932385008,19.2447181473845,77.3169750695534,77.6270922793139
Slovak Republic,2009,89046289247.0131,59.6721901885216,1.70819408331322,19.9933415002069,68.0361180943086,68.2045729281013
Slovak Republic,2008,100469509301.304,55.8276248439763,4.61920382042022,17.5331788494313,80.1479953487459,81.9228612507959
Slovak Republic,2007,86454081576.7862,54.2197792162772,5.85077572963109,17.1425053565872,83.3808614210341,82.9486915133953
Slovak Republic,2006,70708098105.6329,54.9059290108439,8.06334335060879,18.7691759035546,81.2398533216646,83.3864331854633
Slovak Republic,2005,62785305310.2848,54.9736178571406,6.24908696725425,18.4824765303671,72.3018934642515,75.4260021221074
Slovak Republic,2004,57332015147.7527,55.9778586797828,7.08766083684688,18.8306624735072,69.0463247537288,70.6040525429178
Slovak Republic,2003,46816589164.7856,54.184136943991,2.07020745471774,20.7112005068142,62.3343488872503,62.8133300938213
Slovak Republic,2002,35130340673.8189,55.9687244672444,11.9908813300246,20.3789978435286,56.9704951847734,63.4033914196547
Slovak Republic,2001,30752150335.5705,55.8993040933345,4.9836646717731,20.8948630150539,57.1181854095185,64.5611061177352
Slovak Republic,2000,29169953012.7142,54.5767930057443,7.48413662230409,20.742683750993,53.205468406987,55.582946714967
Slovak Republic,1999,30453383763.0514,54.4212324111221,1.11283267878467,21.075814036509,46.3477064742072,51.1361711384585
Slovak Republic,1998,29856000671.216,53.4092250759219,2.1657701630621,23.1859311722573,45.5169214920153,56.5532269802785
Slovak Republic,1997,27706028095.6157,52.5457583996082,0.637791805449138,22.9904051384131,53.6089814116398,63.9790275731084
Slovak Republic,1996,27925036755.3866,53.8506904280308,1.25631433580972,25.3005579758301,49.2927561722145,62.5252724862607
Slovak Republic,1995,25840146405.2288,53.2796005931288,0.913822141452238,23.786455407687,53.9263117552502,54.6255176117499
Slovak Republic,1994,20162935816.8229,53.8291876103016,1.3384844777645,24.0266369273749,55.3243281660773,53.0477709929239
Slovak Republic,1993,16520676622.1598,56.617009894619,1.20354793246607,28.1136296497124,52.4540997507918,59.7416043526792
Slovak Republic,1992,15495514426.1871,51.2058911518023,,30.3238811400318,63.2392175295601,69.8215096216351
Slovak Republic,1991,14272201508.221,52.437520744217,,24.6758150637693,41.5805881094109,46.2620218145618
Slovak Republic,1990,12747380523.1082,55.2459034468976,,26.2589176124963,23.8134894402518,33.3540517973952
Slovenia,2017,48441722815.6069,52.6563450783942,2.46941796278849,18.4303072097285,83.1708095021404,74.3084723037781
Slovenia,2016,44651537259.9731,53.9057583066371,3.23902450718341,19.1071008872884,77.9715078606826,69.4242812606203
Slovenia,2015,43090173061.9713,54.0116787994799,4.0151778847441,18.8231429530606,77.1486775672368,69.1471779420131
Slovenia,2014,49930685013.4603,54.9842295425672,2.04159148472,18.8880096375933,76.151742671285,69.3980070091394
Slovenia,2013,48401896409.9842,56.0959578338407,0.214914547453937,19.6408409363093,74.2164744110101,69.5398802348671
Slovenia,2012,46580457470.2769,57.4865887967299,0.0719999143700849,20.3553982658448,72.8915892060722,69.4928430184178
Slovenia,2011,51516367349.8866,56.5306240436507,1.70032628994743,20.5629372714994,70.2471445909427,69.0307595386271
Slovenia,2010,48161250935.0166,56.1606571927055,0.662657066374074,20.4195363549113,64.2748224424957,63.2166573377284
Slovenia,2009,50368056543.4843,54.9842603324391,-0.688871869815731,20.1577396083083,57.2642886378883,55.8575835613803
Slovenia,2008,55552508715.3948,51.0589955474965,1.94544191956981,18.1602884526499,66.313254139554,68.4182703908437
Slovenia,2007,48006373117.9852,50.8283668947345,3.92553373703866,17.45405033679,67.8990700665536,69.228076245306
Slovenia,2006,39481044912.8089,51.1030771833806,1.7527944188078,18.6533041337344,64.8702153080267,64.9181798345248
Slovenia,2005,36206396343.7383,53.2708845708351,2.68129418565538,18.9082224091752,59.8112701649269,60.4513450265293
Slovenia,2004,34414784504.2352,53.8240313181584,2.21736097143392,18.8253156947783,55.0547877025164,56.5017518882617
Slovenia,2003,29634713062.594,54.9818575576949,1.80733992216734,18.7735605539821,51.0035939360759,51.3210307972045
Slovenia,2002,23489889975.0623,54.9090779424915,7.87487724277896,18.6552387729203,52.3211889827218,51.330092890772
Slovenia,2001,20876309575.5183,55.538694569059,2.40080747120056,18.8276881115062,51.7466333078957,52.7874414494292
Slovenia,2000,20289627636.6767,56.3143929159319,0.66930750249216,18.460688898104,50.1351760201838,53.8125961312933
Slovenia,1999,22711383651.9446,57.411687731831,0.469368144335286,17.7992834273097,44.1061389737472,48.4357308321914
Slovenia,1998,22146232111.9446,56.8575062047739,0.973980580126142,17.6386067217886,47.4961460628108,49.1879941828981
Slovenia,1997,20763101590.6363,57.2910743111194,1.61103098465237,17.6493177202387,47.5618068398922,48.6995074755335
Slovenia,1996,21507233002.8329,58.4209778823667,0.805775433674678,17.7196596981192,46.130903389014,47.3784331662848
Slovenia,1995,21352223817.226,58.9526746428794,0.704376280838082,17.8229787092371,45.4376827671143,47.6790809386693
Slovenia,1994,15049621395.3488,55.6833465578026,0.776763726668423,18.9849331294311,53.5492825192296,52.2953333354349
Slovenia,1993,13258920423.2804,57.4582887585044,0.849239579131144,19.8186820384668,52.4580348813064,52.1851532071873
Slovenia,1992,13101056603.7736,54.1583473571194,0.847259907021758,19.1127754530817,56.3784283566355,50.847091135527
Slovenia,1991,13263688695.6522,53.8384167772333,,17.8634548642184,74.585756916464,67.1938201727869
Slovenia,1990,18198205508.4746,52.2665032743846,,16.3490579777551,81.0364520714873,71.0679240235202
Sweden,2017,540545236387.733,44.9514893381282,4.56549691123748,26.0683836516667,44.4335113738318,41.2252983415443
Sweden,2016,515744370225.386,45.2664851819569,2.65945680625609,26.3824734776198,43.256044942263,39.5981338824525
Sweden,2015,503650641896.128,45.7223778562892,2.04876363595587,25.8137715787791,44.294977676496,40.2763938625488
Sweden,2014,580249344644.964,46.6370976290679,-1.48630328351362,26.1614140889422,43.5697767828211,40.1020757273486
Sweden,2013,584637790103.989,46.9511442596383,0.225273236797659,26.2953369916451,42.8028781240202,38.8053611125553
Sweden,2012,550926978153.434,46.7962960333435,0.775698361467117,25.8229317898621,45.2008137088454,40.6463803861125
Sweden,2011,572744002632.359,46.4568402678255,1.21858172645476,24.9959802513378,45.3898994874619,40.965191396501
Sweden,2010,495328620126.028,46.8432895165476,0.126199479915051,25.0568262507447,44.732840292956,39.8494941168199
Sweden,2009,435114191643.367,47.531331477832,2.05942986760786,26.0840464622012,43.5397115615308,38.4428982934453
Sweden,2008,515413663880.081,45.1038416693086,8.0394752603195,24.7471183874214,49.1686690845808,43.8967979858369
Sweden,2007,487972865005.622,44.8106203823947,9.45616259470408,24.3088543714872,47.5465198108857,41.8579605113351
Sweden,2006,420223767314.521,45.2538707528959,5.24783653231435,24.7974597604576,47.5362804971464,41.1380118335943
Sweden,2005,389752445437.636,46.4399025083266,5.33227869615666,25.0541515501815,45.0491114819826,39.0915311404459
Sweden,2004,382624474411.136,46.141907748903,4.40501092343528,25.1843880351467,42.7438120339177,36.1876388978292
Sweden,2003,332269146581.255,46.7472424732808,1.80807742087939,25.872739155614,40.3702804943227,35.2130839785799
Sweden,2002,265336496492.796,46.8640366495227,6.92767321908232,25.5966849460135,41.1770671092519,36.0034881452604
Sweden,2001,241018965834.39,46.8014375525455,7.55866245771048,24.8784800536973,42.8527472686381,37.7741152974342
Sweden,2000,261337451703.739,47.2771344781589,8.7311775148137,24.6725102383619,43.2250986248896,38.3882400207816
Sweden,1999,272292917312.161,47.2992404190074,23.1039541935824,25.5614627656856,40.1550720444059,35.1316765586878
Sweden,1998,268916086994.805,47.1700151927913,8.67737843269268,25.552188734882,40.0923635642438,34.7681508951024
Sweden,1997,266383711639.969,47.7445074842181,3.85574110582897,25.479186139532,39.1499120125597,33.1793532640415
Sweden,1996,289755592007.158,47.80250743528,1.89535039166213,26.013058508024,36.0558715167148,30.7934070333966
Sweden,1995,265392735480.072,47.7950754466422,5.62915768605014,25.6653281398069,37.1514098903084,31.7662427117899
Sweden,1994,227272161741.835,49.6101804711593,2.75827049374433,26.5951465301728,33.6447441652525,30.5703249028302
Sweden,1993,211209754092.042,50.5780659760452,1.754143116286,27.6025134890172,30.4761151630544,28.042434896863
Sweden,1992,281993200315.945,49.4692965050856,-0.00192156758098101,27.2755955712574,26.0138265707508,25.0988864146743
Sweden,1991,271983749284.828,49.0220209480918,2.33502303617919,26.2011483532912,26.1512507572099,25.2813904256631
Sweden,1990,259702295566.669,47.3683638625092,0.763345092237583,25.3699012928054,27.9826650665471,28.2208103536749
Turkey,2017,852676778300.885,59.0304161365116,1.35408871143501,14.4868325127249,24.7737943716127,29.2845159575197
Turkey,2016,863721648068.806,59.8237711626678,1.61510366576903,14.8350706179155,21.9650827348204,24.8505638162036
Turkey,2015,859796872677.614,60.3682367185904,2.2416922662182,13.8777437761203,23.3459303496887,25.9539354109365
Turkey,2014,934185915386.096,60.7605413565664,1.427660145624,14.0915171246916,23.7643347705447,27.64976944272
Turkey,2013,950579413122.56,61.907985814551,1.42681398447783,14.1246177572671,22.272255141525,28.0780693765004
Turkey,2012,873982246611.954,62.3740483567789,1.57257198910841,14.2323801816463,23.6673658447516,28.5779439373089
Turkey,2011,832523680908.06,63.1671528067582,1.94372849338649,13.7022785832862,22.2624079243358,30.4005331519081
Turkey,2010,771901768870.083,63.0561788659188,1.17877693340685,14.9726582830346,20.4488078114564,25.4504090927729
Turkey,2009,644639901973.703,61.9963082368216,1.33175125736325,15.7703837662472,22.5736725572873,23.358801760977
Turkey,2008,764335657637.62,61.6126305168081,2.59715738780979,13.7052729494333,22.8262573162663,27.0800651339249
Turkey,2007,675770112179.989,62.6354041449941,3.26250001333706,13.4999992405675,21.2202245917385,26.0693607669614
Turkey,2006,552486912921.989,62.2707191124475,3.6534802052135,13.0143162558239,21.6504180440567,26.5006906621625
Turkey,2005,501416301536.12,64.0631650267328,2.00053328327567,12.3048658006989,21.0177812825467,24.4193598635549
Turkey,2004,404786739602.812,64.9737963448313,0.68801660912428,12.4396130028319,22.7504811525694,25.3692017195144
Turkey,2003,311823003788.624,65.9394516145096,0.545822463166874,12.7022393311445,22.2431333267289,23.3583384734639
Turkey,2002,238428125942.395,64.3620724001653,0.453805521359262,12.9339191812045,24.4606945843763,22.9998443264571
Turkey,2001,200251925227.875,65.366922885518,1.67389152248381,12.7405969276583,26.577921477961,22.8209119015129
Turkey,2000,272979390333.738,67.3163968205279,0.359734117216479,11.9864948590471,19.4487718544117,22.5518256660871
Turkey,1999,255884300638.529,66.2108399289698,0.305997670840343,12.6933766882682,18.5778590631468,18.8237598800051
Turkey,1998,275768693191.091,64.6601904911023,0.340865378561532,10.6208710164292,20.5683375501524,19.7060103738513
Turkey,1997,189834649111.257,68.0370903291771,0.4240532504307,12.259391798341,24.5817176843052,30.3886058880971
Turkey,1996,181475555282.555,67.2733764198429,0.397849726303829,11.5707727390228,21.5426581369532,27.8266567494196
Turkey,1995,169485941048.035,70.3115435332381,0.522167204269278,10.7858027048939,19.8916075029397,24.3510272476774
Turkey,1994,130690172297.297,69.9576605914789,0.465222433571291,11.657367586238,21.3621312072128,20.3837211337284
Turkey,1993,180169736363.636,69.0933867361742,0.376311812229993,12.8938665968066,13.673802849848,19.3432849256138
Turkey,1992,158459130434.783,69.5333958923254,0.532629453212459,12.9250170116557,14.3922357339889,17.345129910515
Turkey,1991,150027833333.333,70.6013122326984,0.539899818589217,12.4192510945191,13.8411301141106,16.6348815592789
Turkey,1990,150676291094.21,68.5804617206219,0.474527209826892,10.9610181850007,13.3651028519295,17.5778926485052
